1.420
2.107
1.712
2.517
1.489
2.116
3.116
2.972
2.812
2.327
2.209
2.152
2.678
3.319
3.081
2.014
1.129
2.129
3.129
2.042
2.515
2.134
1.825
2.136
2.457
3.457
2.280
3.280
2.362
2.673
3.238
3.805
4.551
2.280
2.943
2.945
3.118
2.405
2.986
2.792
2.275
2.292
2.390
2.999
3.273
2.381
2.518
2.037
2.444
2.746
3.021
3.825
2.481
3.481
2.136
3.136
2.526
3.045
2.467
2.519
3.278
1.459
2.459
2.906
3.906
2.201
3.201
4.201
1.719
3.395
3.525
3.125
2.242
3.242
1.814
2.814
2.323
3.323
1.439
2.127
2.353
2.086
2.521
3.521
2.171
2.221
0.977
1.921
2.216
1.416
2.416
0.729
0.229
0.440
0.723
1.432
2.432
2.890
2.159
3.159
3.084
2.208
2.101
2.975
2.983
3.228
4.228
3.898
3.587
2.781
1.888
1.747
1.509
2.509
2.090
2.909
2.049
2.230
3.230
1.654
1.908
2.229
3.116
1.467
2.006
2.336
2.079
1.189
2.113
1.216
1.893
2.890
3.890
4.306
5.306
6.017
2.881
3.329
3.466
2.214
2.208
2.628
3.003
3.806
2.727
2.436
2.629
3.079
3.088
2.604
1.434
