64.883
51.839
51.026
77.266
72.358
51.020
74.641
79.791
63.901
47.288
62.058
62.986
64.432
62.854
66.990
62.586
63.187
60.509
53.423
61.414
84.526
69.384
68.709
58.267
93.374
79.090
58.052
55.817
72.657
77.399
69.278
75.197
54.696
68.783
66.277
46.888
63.333
49.360
59.235
46.632
60.076
54.949
93.136
70.460
59.024
63.639
54.825
61.759
60.952
68.324
54.442
54.139
49.538
55.549
51.997
74.457
60.670
59.714
74.866
55.941
54.345
63.714
78.183
65.300
68.711
61.394
63.350
52.429
72.734
59.088
64.621
61.958
53.722
51.433
53.575
59.684
55.370
83.770
61.960
58.406
69.943
72.908
71.869
48.128
48.234
66.708
48.034
59.219
63.453
55.707
57.490
66.272
65.033
53.943
61.615
60.383
69.421
65.536
84.862
62.484
75.455
70.822
76.963
52.467
73.813
51.140
48.392
42.269
50.514
61.671
44.393
64.130
60.332
69.153
51.120
51.993
49.350
55.219
53.607
61.647
62.971
51.175
51.323
51.699
56.575
86.838
62.272
57.404
53.718
47.438
57.029
56.001
84.803
54.736
49.057
49.810
43.789
73.437
54.960
54.709
66.273
65.759
67.918
54.278
52.928
52.727
48.377
52.701
54.145
49.575
57.035
