1.579
1.579
2.579
3.579
3.892
3.134
3.115
3.252
3.570
4.196
4.121
2.526
2.988
2.111
3.382
3.382
4.887
4.152
3.184
3.176
4.176
3.170
2.899
2.802
3.839
3.586
3.256
3.738
3.203
2.380
2.018
3.018
3.045
3.818
3.308
3.994
3.158
3.335
3.820
1.983
1.659
2.659
2.982
2.609
2.512
2.952
3.201
2.943
3.561
3.037
2.582
3.080
3.475
3.130
1.839
2.593
4.139
3.156
3.389
2.278
2.430
3.212
4.342
4.115
3.175
3.108
3.003
3.029
4.029
3.594
3.739
3.069
3.578
3.153
3.098
3.083
2.139
2.232
3.232
4.232
4.059
4.656
4.817
4.306
4.177
2.980
3.314
3.569
4.569
2.143
2.468
3.468
2.941
3.173
3.665
3.566
3.193
2.595
3.037
4.037
3.201
4.256
2.278
3.278
3.207
1.714
2.714
3.158
3.121
3.593
4.112
3.586
2.550
3.145
4.145
3.079
3.117
4.117
3.787
4.120
3.042
3.137
3.488
2.188
3.188
3.146
3.815
2.931
3.215
3.943
3.551
3.603
4.603
4.104
