1.000
1.000
1.000
1.000
2.000
2.000
2.000
3.000
3.000
2.118
2.118
2.710
2.710
2.650
3.650
3.650
2.618
2.618
3.618
1.000
1.000
1.000
1.000
1.000
2.000
2.000
2.000
1.000
1.668
2.668
3.668
4.277
5.277
5.036
6.036
7.036
5.466
6.466
7.466
8.466
6.610
5.352
4.707
5.707
5.871
5.375
4.707
5.707
5.912
5.493
5.702
6.702
4.488
5.441
4.766
4.431
5.431
6.431
6.036
7.036
3.692
3.596
4.596
5.024
5.527
6.527
7.527
8.527
6.539
5.124
5.768
6.768
3.384
4.384
5.384
5.789
3.593
4.593
3.431
4.431
5.431
4.359
5.153
6.153
5.421
6.421
7.421
3.225
4.225
4.232
4.111
5.111
5.506
6.009
6.046
5.779
6.132
6.180
7.180
5.631
5.696
5.381
4.197
4.770
5.290
6.020
5.105
4.543
3.942
4.407
5.407
6.407
4.533
4.951
4.013
5.013
5.132
5.592
5.426
5.238
5.168
6.168
4.494
5.494
4.092
5.092
5.226
4.255
4.035
4.663
5.119
6.101
4.829
5.471
6.471
5.516
4.315
4.224
4.001
4.843
5.843
4.507
5.507
4.345
5.345
6.345
5.732
5.620
4.011
5.011
5.801
6.049
5.520
