73.787
74.409
66.627
70.579
88.089
67.172
70.621
80.589
78.212
63.487
61.934
74.033
69.809
78.056
70.454
76.396
74.234
74.951
64.086
67.799
74.673
83.248
71.998
69.286
69.522
69.884
66.544
65.567
73.601
59.282
70.179
66.798
61.616
61.144
68.017
66.336
67.263
62.123
67.892
63.935
60.055
64.935
64.220
68.015
64.014
61.168
67.876
63.321
68.126
70.878
77.663
73.497
67.705
65.188
69.772
68.696
70.542
67.149
104.870
65.850
75.074
69.015
69.609
66.629
77.805
72.931
66.779
74.608
67.119
72.081
65.088
66.415
64.745
60.537
77.173
69.486
63.228
63.640
64.005
66.425
69.786
66.505
64.583
64.027
71.412
67.697
64.646
68.091
67.158
63.655
61.262
63.378
66.091
63.031
68.664
69.990
63.424
64.640
67.868
65.790
65.583
66.815
69.227
67.223
67.210
84.299
61.224
68.045
179.943
65.151
71.292
66.752
78.857
71.525
66.230
72.969
70.966
72.206
64.986
60.896
69.369
71.095
69.984
62.597
81.496
110.078
62.309
72.825
62.100
58.145
61.901
71.519
66.641
78.484
68.152
64.971
70.058
64.853
68.055
65.544
69.039
65.241
70.999
73.298
71.229
82.552
75.540
68.550
65.892
68.272
67.126
