1.000
1.000
1.000
1.000
1.928
1.928
1.928
2.459
1.726
1.726
1.000
1.871
2.871
2.550
2.975
3.943
4.078
4.402
3.373
2.656
3.142
2.391
2.995
3.995
2.999
2.387
3.024
4.024
4.219
3.082
3.875
3.842
3.895
3.414
2.982
3.180
2.723
4.000
3.341
3.944
2.807
3.807
1.376
2.376
3.131
2.937
2.363
2.615
3.596
3.199
2.055
2.914
3.031
3.758
4.310
2.940
3.234
1.733
2.042
3.042
3.173
3.682
3.682
2.546
2.135
3.135
3.811
3.539
3.007
3.488
3.430
3.782
4.373
3.805
5.204
3.180
3.347
3.789
1.928
2.051
1.847
2.070
1.517
1.994
2.994
4.026
2.551
2.698
3.698
3.612
3.730
4.018
3.735
3.309
4.309
3.148
3.502
2.758
3.241
2.585
3.748
4.748
4.303
3.530
4.530
3.651
3.020
4.020
3.740
2.341
3.001
3.645
2.835
2.960
3.017
3.438
3.951
3.899
3.454
3.577
3.234
3.523
3.834
3.227
3.164
3.305
4.305
4.369
3.468
3.693
3.464
3.149
3.198
3.096
3.767
1.927
2.417
2.458
2.699
