55.401
50.224
57.393
57.361
56.574
44.635
64.063
53.186
50.820
53.642
39.657
42.753
44.328
59.260
42.892
41.764
45.326
46.756
48.362
49.999
52.519
46.878
39.362
46.057
43.041
40.216
47.900
49.315
42.715
60.167
53.425
49.226
40.259
52.755
51.163
51.317
44.247
45.285
52.788
74.198
38.862
55.352
101.266
52.640
94.429
55.863
50.053
62.591
51.486
48.670
49.135
68.157
68.183
47.629
50.809
91.552
58.570
42.317
50.052
56.722
237.699
42.159
54.384
51.841
57.042
47.591
52.127
52.803
54.531
43.785
62.654
47.692
47.745
45.216
49.725
45.815
59.584
47.427
47.961
51.032
46.336
52.521
71.069
48.636
63.229
57.377
114.831
52.307
53.464
51.047
49.555
58.443
51.580
49.238
57.011
56.015
64.473
44.016
46.547
51.113
49.427
53.513
45.589
56.186
43.727
50.173
46.110
56.894
51.752
54.462
45.272
52.158
53.658
51.713
50.648
60.684
57.051
53.904
41.925
42.912
48.324
45.277
49.064
55.180
54.471
40.230
39.779
43.202
41.127
53.102
63.742
49.971
48.889
60.322
52.790
