1.000
1.000
1.000
1.000
2.000
2.000
2.000
3.000
3.000
4.000
4.479
5.479
5.428
6.381
7.381
6.751
6.729
7.729
6.299
7.001
6.278
7.278
6.360
5.739
6.320
6.283
5.823
6.744
6.562
5.215
5.482
5.747
5.373
5.388
4.997
5.997
4.163
5.127
5.111
6.111
5.739
4.105
5.105
5.224
4.827
4.958
4.972
5.091
3.686
4.321
5.321
5.098
6.098
6.355
5.665
5.091
5.885
4.270
4.858
5.858
5.334
5.105
3.477
4.220
4.220
5.220
5.640
7.634
6.189
6.565
5.657
5.868
6.644
7.644
6.563
6.357
7.357
6.309
7.309
5.878
6.878
6.450
6.051
5.844
7.844
8.281
6.293
8.293
6.472
7.472
7.831
7.109
6.934
8.242
8.052
7.541
7.879
8.092
8.392
8.252
8.366
7.992
7.634
8.819
7.700
6.784
6.516
5.743
6.723
6.997
6.419
6.855
6.019
5.069
6.069
5.073
7.073
8.073
5.663
5.370
5.693
7.487
8.487
7.343
