17.115
19.365
16.120
16.733
22.259
16.793
18.052
20.832
22.309
18.100
19.138
19.660
19.623
17.861
18.011
19.880
20.967
24.099
18.003
22.841
21.685
19.121
18.871
18.929
19.144
18.188
17.251
20.947
23.860
20.665
19.588
19.565
18.622
20.874
20.885
18.492
18.594
20.530
20.240
19.982
20.267
18.653
19.749
19.405
23.345
22.274
25.360
38.878
23.943
20.400
21.287
17.981
22.270
19.576
22.111
19.075
23.495
22.427
22.873
16.715
22.478
19.779
19.590
19.904
18.086
18.012
25.926
18.039
18.062
17.051
23.898
18.552
18.173
18.504
20.914
18.006
19.318
20.885
24.728
20.817
18.338
24.790
20.320
19.401
20.395
17.112
19.072
19.453
17.672
20.441
20.116
17.794
20.160
21.051
19.926
19.099
18.426
19.324
19.722
19.334
24.095
19.314
19.940
18.024
20.005
18.995
18.749
19.896
20.833
21.388
17.163
34.796
22.455
21.822
20.216
19.180
20.168
19.938
19.338
20.806
17.681
21.203
19.970
