1.000
1.000
1.000
1.000
2.000
2.000
2.000
2.000
3.000
3.000
4.000
4.000
4.000
5.000
5.000
6.000
6.000
7.000
8.000
8.000
9.000
9.000
10.000
11.000
11.000
12.000
13.000
13.000
14.000
15.000
16.000
16.000
17.000
18.000
13.868
13.022
14.022
14.022
15.022
16.022
17.022
17.022
18.022
19.022
20.022
20.022
21.022
22.022
23.022
24.022
19.203
19.203
12.959
8.636
9.636
3.872
3.626
3.626
4.626
4.626
5.626
4.460
4.460
5.460
5.460
6.460
6.460
3.057
4.057
4.057
5.057
5.057
2.945
2.945
3.945
3.945
4.945
4.945
2.257
3.257
3.257
3.257
4.257
2.743
2.743
2.743
2.743
3.743
3.743
4.743
4.743
5.743
5.743
6.743
2.643
2.643
2.643
2.643
3.643
3.643
4.643
2.358
2.358
2.358
3.358
1.809
1.809
1.809
1.809
2.809
2.809
1.670
1.670
2.670
2.670
2.670
3.670
3.670
3.670
4.670
3.961
3.961
4.961
4.961
5.961
5.961
6.961
6.961
7.961
8.961
8.961
9.961
10.961
4.207
4.207
5.207
5.207
6.207
6.207
7.207
7.207
8.207
8.207
9.207
10.207
3.012
3.012
3.012
4.012
4.012
5.012
5.012
6.012
6.012
7.012
3.292
2.569
2.569
2.569
3.569
3.569
4.569
4.569
5.569
5.569
6.569
6.569
7.569
7.569
8.569
8.569
9.569
10.569
10.569
11.569
12.569
12.569
13.569
14.569
15.569
15.569
16.569
17.569
18.569
18.569
19.569
20.569
21.569
22.569
22.569
23.569
16.192
17.192
12.877
13.877
13.877
14.877
15.877
16.877
16.877
17.877
18.877
19.877
20.877
20.877
21.877
22.877
19.743
20.743
21.743
21.743
22.743
23.743
24.743
25.743
25.743
26.743
27.743
9.729
9.729
10.729
11.729
12.729
12.729
11.327
12.327
13.327
13.327
14.327
15.327
16.327
16.327
17.327
18.327
19.327
19.327
20.327
21.327
18.487
19.487
19.487
20.487
21.487
22.487
23.487
19.647
20.647
20.647
21.647
22.647
23.647
24.647
24.647
25.647
26.647
27.647
22.710
23.710
23.710
24.710
25.710
23.736
24.736
25.736
26.736
26.736
27.736
25.807
19.961
20.961
21.961
17.011
18.011
18.011
19.011
16.024
17.024
18.024
18.024
19.024
17.815
18.815
19.815
20.815
20.815
21.815
22.815
23.815
24.815
24.815
21.739
22.739
23.739
24.739
25.739
19.077
13.335
13.335
14.335
15.335
16.335
16.335
17.335
18.335
19.335
20.335
20.335
21.335
22.335
23.335
24.335
19.804
19.804
16.812
17.812
18.812
19.812
19.812
20.812
21.812
22.812
23.812
23.812
24.812
24.509
22.688
23.688
24.688
25.688
25.688
26.688
27.688
28.688
26.151
24.349
25.349
22.450
23.450
23.450
24.450
20.170
19.062
20.062
17.845
18.845
19.845
19.845
20.845
21.845
22.845
23.845
23.845
24.845
20.642
8.988
9.988
9.988
10.988
11.988
12.988
12.988
13.988
14.988
14.988
15.988
3.942
3.942
4.942
4.942
5.942
5.942
6.942
6.942
7.942
7.942
8.942
9.942
9.942
10.942
11.942
11.942
12.942
13.942
14.942
14.942
15.942
16.942
17.942
17.942
16.067
17.067
18.067
19.067
19.067
20.067
21.067
22.067
23.067
23.067
19.284
20.284
