1.837
2.837
3.837
4.453
5.453
3.779
4.779
5.424
5.050
4.467
4.260
5.260
4.530
4.925
5.290
6.290
6.422
6.603
7.078
6.477
6.631
7.086
6.649
7.649
8.649
4.844
5.844
5.300
5.299
5.831
5.387
5.038
6.038
4.069
5.069
5.488
5.362
5.209
6.209
6.722
4.241
5.241
4.417
4.786
4.834
5.190
5.578
5.638
5.181
5.138
4.724
4.206
5.206
5.423
4.797
6.349
5.199
6.199
6.415
5.969
6.125
6.422
6.087
3.433
4.433
4.967
5.407
4.871
5.871
5.133
4.566
4.698
5.574
4.962
5.962
6.499
4.226
5.226
3.967
4.967
4.948
5.314
5.482
5.509
5.946
4.345
5.345
5.972
5.351
6.243
5.846
5.632
6.632
5.757
4.055
4.633
3.911
4.911
4.718
4.930
4.968
5.968
5.624
5.752
6.162
6.754
7.273
4.928
