20.850
24.315
24.602
22.817
21.222
25.319
24.213
26.017
27.108
21.590
30.215
26.270
25.974
23.548
23.699
23.337
24.996
38.353
33.646
24.591
31.751
23.413
23.572
24.277
25.409
25.672
24.104
21.582
22.136
23.629
21.475
43.040
22.196
23.160
25.235
23.021
42.718
24.709
24.565
26.616
20.782
26.243
23.393
21.824
23.914
25.382
35.551
40.297
23.835
21.459
22.674
23.012
24.377
22.735
24.790
24.545
21.363
23.602
33.971
27.796
21.952
21.751
22.544
25.155
36.645
23.224
23.054
26.092
33.383
23.124
24.811
25.389
23.932
27.105
21.747
22.353
24.813
24.742
21.149
22.843
22.423
38.097
23.119
24.513
23.991
23.060
24.955
21.160
21.194
24.995
26.738
23.548
22.205
21.645
21.774
22.049
23.619
24.023
25.975
22.083
24.100
35.663
