1.000
1.000
1.000
1.000
2.000
2.000
2.000
2.000
1.405
1.405
1.405
1.000
1.796
1.796
2.796
2.796
3.796
3.796
4.796
4.796
5.796
4.997
4.997
4.097
3.567
3.567
4.567
4.567
5.567
3.691
3.691
4.691
4.691
5.691
1.214
2.214
2.214
3.214
3.214
4.214
4.214
5.214
5.214
6.214
6.214
5.319
6.319
6.319
5.292
6.292
5.084
5.084
6.084
5.221
5.221
4.719
4.719
5.475
5.475
6.151
5.376
4.629
3.837
4.810
4.306
4.306
3.647
4.647
4.647
3.562
3.562
3.548
3.548
4.548
4.548
4.042
5.042
5.042
4.491
2.656
2.656
3.656
3.656
3.594
3.594
4.594
4.594
5.594
5.277
5.277
4.726
1.064
1.064
1.064
2.064
2.064
3.064
3.064
4.064
4.064
5.064
5.064
6.064
5.190
5.190
6.190
4.024
4.767
4.767
3.949
4.949
4.949
5.949
5.949
5.401
4.882
5.882
5.882
5.432
6.432
6.432
5.254
6.254
6.254
7.254
7.254
5.190
4.847
3.409
3.409
4.409
3.994
3.994
4.994
4.994
5.994
1.321
1.321
2.321
2.321
3.321
3.321
4.321
4.321
5.321
5.321
5.321
6.321
5.486
5.035
5.035
6.035
7.035
3.593
4.355
3.834
3.834
3.915
3.915
4.915
3.390
3.390
4.390
3.081
3.081
3.536
3.536
4.221
3.104
3.104
3.155
3.155
4.155
3.598
3.598
4.598
3.834
3.834
4.834
3.950
3.950
4.950
3.818
4.542
4.542
3.225
4.225
4.225
3.664
4.664
4.664
4.683
4.683
3.969
4.969
3.954
3.954
4.382
4.382
5.382
5.382
6.382
5.448
5.448
3.906
4.743
4.743
3.405
3.690
3.690
3.137
3.137
3.293
3.293
4.293
4.293
5.293
3.985
3.985
4.985
3.637
3.637
4.637
4.637
5.637
5.297
4.957
4.957
5.957
5.230
6.230
6.230
5.318
6.318
6.318
3.920
4.920
4.920
5.920
4.718
4.718
4.206
3.546
4.292
4.292
5.292
5.292
6.292
5.324
5.324
4.969
5.969
5.969
5.209
6.209
6.209
4.156
4.156
5.156
5.156
5.476
4.621
4.621
3.945
4.945
3.735
3.735
4.735
4.735
5.735
4.451
4.451
4.904
3.981
3.981
4.981
4.981
4.552
3.950
3.950
4.950
4.305
5.305
5.305
4.857
4.812
4.812
4.109
5.109
5.109
6.109
4.724
4.724
2.889
3.339
3.339
4.339
4.339
3.118
4.118
3.833
3.833
4.833
4.833
4.474
3.994
3.994
4.994
3.480
3.480
4.332
3.661
3.661
4.661
4.661
4.731
3.928
3.928
4.928
3.411
4.411
4.411
3.919
4.880
4.880
4.620
4.620
3.572
4.572
4.572
4.031
5.031
5.031
6.031
5.282
5.282
6.282
6.282
5.146
6.146
5.310
5.310
5.472
4.848
4.848
4.087
4.661
4.661
5.661
5.341
5.341
6.341
5.358
5.358
4.790
4.790
5.790
2.901
2.901
3.901
3.901
3.901
4.817
4.817
5.817
4.605
3.968
