2.000
0.961
1.961
2.961
3.961
4.961
5.929
6.929
7.929
6.347
7.347
8.347
4.858
5.858
3.933
4.933
5.933
5.139
5.090
6.090
3.974
4.971
4.277
5.000
5.000
6.018
6.018
4.533
5.134
2.181
3.181
4.181
5.181
6.181
3.796
4.796
5.776
6.776
6.661
7.661
6.851
6.630
7.630
8.630
5.473
5.640
3.836
4.836
3.601
4.601
5.601
6.601
5.850
5.439
6.439
5.008
5.268
6.268
5.640
6.640
2.119
2.065
3.065
4.065
5.065
6.065
5.304
3.223
4.223
5.223
6.223
6.537
7.537
4.426
5.341
5.562
6.562
7.562
5.101
5.589
6.589
7.589
4.083
3.057
4.057
5.057
4.220
5.220
5.706
6.706
7.283
2.235
3.235
4.033
4.798
4.152
5.152
5.883
3.468
4.468
4.733
4.488
4.619
3.213
4.213
4.085
5.085
4.679
5.679
4.471
5.471
3.224
4.224
5.224
5.719
4.772
4.055
5.055
6.055
7.055
5.306
6.306
6.615
4.854
5.854
6.854
5.062
6.062
7.062
4.092
5.092
2.793
3.793
4.793
4.167
5.167
6.167
7.167
4.610
5.348
6.348
