135.648
45.670
51.352
41.130
51.188
58.992
47.081
46.843
50.016
51.072
54.228
59.066
41.905
41.488
49.676
38.541
44.744
62.064
51.803
52.135
48.580
43.565
56.921
52.887
46.002
45.137
57.472
42.876
48.379
44.233
53.837
51.931
47.213
46.115
57.994
55.004
49.590
62.600
52.319
40.723
43.838
55.994
40.892
75.930
61.126
53.411
63.123
47.311
49.859
51.479
48.002
54.788
40.243
41.422
51.909
54.143
52.832
61.131
43.478
43.048
47.566
52.419
48.617
54.203
47.781
45.523
47.927
44.302
51.849
65.478
53.788
70.355
60.689
44.486
45.249
67.227
42.379
43.880
50.078
42.835
49.039
42.134
60.481
60.405
54.610
46.012
48.717
47.716
44.897
49.757
46.880
64.882
42.133
51.751
45.629
59.834
47.608
54.393
49.226
42.410
51.975
43.274
46.868
41.087
54.191
54.695
43.099
49.737
39.630
38.896
51.710
40.361
50.836
64.103
50.051
40.566
64.644
47.563
40.263
45.842
41.867
48.237
48.033
46.132
39.506
43.974
42.118
60.711
40.173
53.190
50.768
56.467
38.580
43.300
44.038
58.422
42.300
40.747
40.041
55.991
48.285
