1.511
1.511
2.511
2.511
3.511
3.511
4.511
4.511
5.511
5.511
6.511
6.511
7.511
7.511
8.511
7.079
7.079
6.508
6.508
7.508
7.508
7.269
7.269
8.269
5.538
6.538
6.538
7.070
7.070
8.070
8.070
7.642
7.434
7.434
8.434
8.434
7.176
7.176
8.176
8.176
8.894
8.894
7.251
7.251
6.908
6.908
4.873
4.873
5.873
5.873
6.873
6.873
6.332
6.332
7.183
7.183
7.168
7.168
7.887
7.887
8.887
8.887
6.788
5.183
5.183
6.164
6.164
7.164
7.164
8.164
8.164
6.960
6.960
7.960
7.960
4.682
5.682
5.682
6.682
6.682
6.413
6.413
7.413
7.413
8.413
8.413
9.413
8.014
8.014
7.213
7.213
4.041
4.041
5.041
5.041
6.041
6.041
7.041
7.041
8.041
8.041
7.366
7.366
4.767
4.767
4.736
4.736
5.736
5.736
6.736
6.736
7.334
7.334
6.484
6.484
7.484
7.484
8.484
4.938
4.938
5.938
5.938
6.938
6.938
6.954
6.954
7.954
7.954
8.954
8.954
6.298
7.298
7.298
8.298
6.416
6.416
7.416
7.416
7.196
7.196
8.196
8.196
9.196
6.672
6.672
7.575
7.575
8.575
8.575
9.575
8.459
8.459
7.211
7.211
8.211
8.211
9.211
9.211
10.000
7.761
7.761
8.761
5.552
6.552
6.552
3.609
3.609
3.444
3.444
4.444
4.444
4.243
4.243
3.639
3.639
4.639
4.639
5.639
5.639
6.639
6.639
7.639
7.639
8.639
5.560
5.560
6.560
6.560
5.518
5.518
6.518
6.518
6.860
6.860
7.213
7.213
8.213
8.213
9.213
9.213
10.000
10.000
10.000
10.000
7.749
8.749
8.024
8.024
7.333
7.333
8.333
8.333
9.333
9.333
10.000
10.000
7.011
7.011
8.011
8.011
7.101
7.101
5.736
5.736
6.736
6.736
6.751
6.751
7.751
7.751
7.052
7.052
4.780
4.780
5.780
5.780
6.780
6.780
4.774
4.774
5.774
5.774
2.950
2.950
3.878
3.878
4.878
4.878
5.878
5.878
6.878
6.878
7.260
7.260
8.260
8.260
9.260
8.672
8.672
7.121
7.121
8.121
8.121
9.121
9.121
7.251
7.373
7.373
4.783
4.783
5.291
5.291
6.291
6.291
7.128
7.128
8.128
8.128
5.274
5.274
6.274
6.274
7.274
7.274
8.274
8.274
5.899
5.899
4.555
4.555
5.555
5.555
6.555
6.555
7.555
7.555
8.555
8.555
9.555
9.555
5.344
6.344
6.344
7.344
