1.922
2.171
2.666
2.485
1.662
1.950
1.407
2.407
1.878
2.314
1.953
2.336
2.468
1.950
2.186
3.186
1.195
1.587
2.451
2.413
1.889
1.135
1.731
1.089
1.589
2.166
2.193
2.561
2.169
1.136
2.136
1.223
2.223
2.366
1.351
2.351
2.038
1.443
2.052
3.052
3.052
2.840
3.206
2.655
2.441
2.879
2.578
3.578
2.157
1.552
1.374
3.055
3.174
2.707
2.415
3.415
2.639
2.081
2.347
1.133
1.913
3.244
2.687
2.363
2.415
2.177
1.565
1.937
1.560
1.966
1.892
2.045
3.045
2.517
2.132
1.774
2.774
1.984
2.272
3.522
2.045
2.471
2.059
1.545
2.316
2.474
2.875
2.152
2.678
3.057
3.083
3.690
2.176
2.038
2.171
2.011
3.011
2.754
1.951
2.421
1.981
2.494
2.586
0.780
1.225
2.225
2.044
2.562
2.562
2.084
2.888
2.134
2.863
0.959
1.959
2.009
2.789
3.129
2.659
2.895
2.296
2.110
3.110
2.512
2.423
1.894
3.254
2.478
0.983
1.915
2.456
2.524
2.250
2.515
