75.691
53.486
59.006
52.670
51.815
63.287
66.654
56.707
64.256
65.443
60.569
54.109
75.831
122.941
219.268
93.608
69.420
120.390
68.679
49.959
68.111
58.887
118.267
77.695
60.577
69.251
55.737
92.326
89.702
76.219
223.058
52.361
76.801
98.734
78.158
54.135
49.215
145.157
62.089
66.149
59.127
55.243
110.393
63.935
55.574
67.800
67.727
98.803
55.121
56.587
80.332
56.852
64.259
57.523
63.310
58.672
70.341
77.566
65.400
75.719
43.885
59.716
57.198
64.726
75.117
59.223
63.732
58.166
60.500
62.242
58.828
54.481
56.960
93.213
90.755
101.787
76.495
83.335
57.721
79.802
58.796
71.223
72.165
69.028
70.962
71.773
64.816
61.884
60.300
59.834
59.210
59.339
63.083
64.452
65.699
63.177
70.885
53.321
62.885
53.943
56.306
53.533
54.884
79.075
64.548
82.149
61.765
75.795
314.970
70.111
75.587
76.772
56.641
62.129
64.921
40.175
59.921
54.170
66.712
51.043
60.021
58.294
54.619
77.150
71.185
54.418
65.591
64.673
67.691
64.644
63.819
80.090
57.062
66.610
