2.000
3.000
3.797
4.797
4.215
4.055
5.459
5.459
5.096
5.407
6.007
3.817
4.817
4.956
5.038
3.969
3.991
4.144
2.907
3.907
4.907
3.625
3.139
4.139
5.139
6.139
7.139
6.886
6.317
2.841
3.841
4.370
5.370
4.154
5.154
6.154
3.206
3.165
4.165
4.025
1.985
2.985
3.985
4.619
5.619
5.348
5.490
6.490
6.244
7.244
7.168
3.225
4.225
5.025
5.597
5.648
5.348
6.314
5.151
6.151
5.322
6.322
7.322
5.188
5.413
5.411
5.413
6.413
7.413
8.413
5.293
6.293
4.574
5.014
5.433
6.433
5.949
4.502
4.861
4.128
4.999
5.917
3.971
4.971
5.801
6.153
4.437
5.437
5.398
6.398
5.241
5.796
5.306
6.306
7.306
5.713
5.961
6.496
6.941
5.090
6.090
7.090
5.966
5.427
5.652
5.085
6.231
5.405
4.731
4.754
5.306
5.560
5.687
6.687
4.822
5.822
5.837
4.524
5.524
