63.694
73.667
65.781
69.797
64.644
61.380
107.782
66.838
68.377
72.626
64.626
71.123
62.374
69.323
75.852
67.127
71.474
61.235
68.702
64.140
79.429
75.721
63.810
63.831
82.246
64.084
67.697
65.891
80.386
67.176
70.533
65.844
66.679
62.467
64.757
73.936
64.437
74.068
218.307
67.068
74.374
70.735
67.798
69.844
67.690
75.355
67.156
67.205
67.931
64.570
69.637
63.318
70.243
64.145
70.616
71.138
65.591
80.937
68.678
70.132
76.072
76.077
62.091
72.058
64.576
77.270
72.861
65.277
66.974
70.550
76.601
62.747
63.342
70.499
68.824
66.257
63.615
65.730
80.949
62.806
73.265
67.134
71.634
64.743
63.850
64.315
64.728
65.224
63.667
65.021
75.992
64.246
74.853
65.776
73.364
61.746
67.696
69.460
60.369
75.048
61.314
78.563
78.439
80.741
62.020
58.902
67.627
77.512
67.787
68.500
66.038
66.791
66.098
70.926
65.962
75.814
68.446
66.874
