1.758
1.758
2.758
2.758
3.758
3.758
4.758
3.969
3.969
4.969
4.969
5.969
5.578
3.644
3.644
4.644
4.644
3.987
3.285
3.285
1.468
2.468
2.234
2.234
3.234
3.234
4.043
4.043
4.428
4.428
3.655
4.655
4.655
3.899
4.802
3.137
4.137
4.137
5.137
5.137
6.137
6.137
5.437
1.969
2.969
2.969
3.969
3.641
3.641
4.641
3.069
3.069
4.069
4.069
5.007
1.237
2.237
2.237
3.237
3.237
2.807
3.807
3.807
4.664
4.664
5.664
5.664
5.108
3.228
4.228
4.228
2.297
3.297
3.297
4.297
4.297
3.397
4.397
4.397
5.397
2.549
2.549
1.053
1.053
1.675
1.675
2.675
2.675
2.652
3.652
2.040
3.005
3.005
3.740
3.740
4.740
4.740
1.830
2.830
2.830
2.459
3.459
3.459
1.481
2.481
2.481
3.481
3.481
4.481
4.481
1.000
1.107
1.107
1.996
1.996
2.996
2.438
2.438
3.438
3.020
3.020
3.555
3.555
2.930
3.247
3.033
3.033
4.033
4.033
4.120
3.795
3.795
4.795
4.795
5.012
3.804
3.804
4.804
3.845
3.845
4.845
3.183
4.183
4.183
5.183
4.813
4.813
5.813
5.813
5.051
6.051
4.098
4.098
5.098
5.098
6.098
6.098
5.513
4.957
5.069
2.809
2.809
1.000
2.000
2.000
3.000
2.491
2.491
3.491
3.046
2.520
2.520
3.520
2.367
3.367
3.095
3.095
2.718
3.718
2.747
2.388
2.388
1.000
1.935
1.935
2.935
2.935
2.319
3.319
2.991
2.991
1.353
1.560
1.058
1.058
2.058
2.058
2.417
1.041
1.616
1.616
2.428
2.428
3.428
3.428
2.346
2.848
1.355
1.355
2.355
2.355
3.296
3.296
3.568
3.568
4.568
3.015
3.015
3.730
3.175
2.677
2.095
2.095
3.095
3.095
2.913
2.970
2.970
3.583
3.583
2.281
2.135
3.135
3.135
4.135
2.840
2.840
3.607
2.432
1.768
1.768
2.768
3.290
1.403
1.403
2.403
2.403
3.123
1.155
1.973
1.973
2.941
2.941
3.941
3.941
4.941
3.920
3.920
4.920
4.138
4.138
3.645
4.645
4.035
4.035
3.305
3.652
3.178
3.178
3.178
4.178
1.404
1.536
1.536
1.939
1.939
2.939
2.939
3.939
3.939
3.033
4.033
4.033
3.805
4.805
4.805
5.805
4.948
4.948
4.948
4.079
3.293
3.293
1.225
2.225
2.225
2.885
2.885
1.000
1.677
1.677
2.677
2.677
2.189
2.958
2.958
2.581
3.394
3.394
1.123
1.945
1.945
2.945
2.945
3.162
3.162
3.156
3.156
4.156
3.171
3.171
3.989
2.429
2.856
2.656
2.656
3.656
3.656
3.168
4.168
4.168
2.372
3.372
2.689
2.689
2.689
3.689
2.284
2.284
3.284
4.284
3.990
3.990
4.138
4.138
5.138
3.810
3.810
4.810
4.810
