55.410
55.954
63.214
85.417
73.967
79.932
74.982
72.408
73.780
79.506
55.961
68.922
91.369
72.071
109.220
106.729
75.177
45.274
48.727
45.726
57.126
61.175
67.400
61.481
66.599
55.751
60.117
53.731
68.830
76.816
57.196
80.696
76.414
49.446
63.696
49.604
64.296
50.143
59.053
65.217
63.193
57.789
49.503
61.681
70.085
54.994
68.502
50.952
51.174
52.990
57.657
55.101
66.784
56.372
60.955
80.933
80.381
84.470
57.278
78.084
51.830
68.756
65.623
67.025
82.224
47.796
64.844
67.633
59.429
56.673
65.976
67.814
65.372
61.154
54.358
61.067
54.869
52.348
318.337
77.509
77.177
74.780
85.972
71.201
71.182
67.936
49.882
70.599
60.804
63.013
59.180
65.680
39.330
72.112
64.996
66.875
64.368
64.606
51.438
58.761
68.601
57.068
81.329
73.581
76.827
69.063
163.788
82.932
52.130
62.992
80.934
60.542
43.656
64.035
113.687
142.837
61.892
