1.893
1.893
2.337
2.337
3.337
3.337
4.177
4.177
5.177
5.177
6.177
6.177
7.177
7.177
8.177
8.177
6.664
6.664
7.443
7.443
7.043
7.043
7.536
7.536
7.304
7.304
8.304
8.304
9.304
9.304
10.000
10.000
10.000
10.000
10.000
10.000
10.000
10.000
10.000
10.000
10.000
10.000
10.000
10.000
10.000
10.000
10.000
10.000
10.000
10.000
10.000
10.000
8.291
6.942
6.942
6.920
6.920
7.920
7.920
8.920
8.920
9.920
9.920
10.000
10.000
6.269
6.269
5.872
5.872
3.546
3.546
4.546
4.546
5.546
5.546
6.546
6.546
7.045
7.045
6.735
6.735
4.843
4.843
5.843
