1.955
2.955
3.955
4.955
5.481
6.481
5.083
5.527
5.926
5.098
5.663
5.294
6.294
5.928
4.472
4.928
5.513
6.513
5.961
6.145
6.639
6.231
6.139
5.162
6.162
5.525
5.647
6.647
7.178
6.055
5.416
5.509
5.729
5.333
6.401
6.586
5.562
5.858
6.858
6.968
4.504
4.504
5.504
6.504
7.504
6.482
6.674
7.065
6.534
5.815
5.980
5.355
5.229
5.569
5.735
6.305
6.545
4.645
4.978
5.978
6.610
7.079
5.591
5.731
4.752
5.752
5.244
6.244
5.032
5.863
4.993
5.615
6.116
5.058
5.090
4.948
4.830
5.261
6.261
7.261
6.844
6.410
6.410
6.672
7.672
7.205
8.205
7.444
8.444
5.426
6.426
4.687
4.944
5.078
6.078
7.078
6.767
7.767
5.996
6.787
8.069
6.914
7.914
6.167
5.963
