2.000
2.000
3.000
3.000
4.000
4.000
5.000
5.000
6.000
6.000
7.000
7.000
8.000
8.000
9.000
9.000
10.000
10.000
10.000
10.000
10.000
10.000
10.000
10.000
10.000
10.000
5.118
5.118
6.118
6.118
7.118
7.118
8.118
8.118
9.118
9.118
10.000
10.000
10.000
10.000
10.000
10.000
10.000
10.000
10.000
10.000
10.000
10.000
10.000
10.000
10.000
10.000
10.000
10.000
10.000
10.000
10.000
10.000
10.000
10.000
10.000
10.000
10.000
10.000
10.000
10.000
10.000
10.000
10.000
10.000
10.000
10.000
10.000
10.000
10.000
10.000
10.000
10.000
10.000
4.402
5.402
5.402
6.402
6.402
7.402
7.402
8.402
8.402
9.402
9.402
10.000
10.000
10.000
10.000
10.000
10.000
10.000
10.000
10.000
10.000
10.000
10.000
10.000
10.000
10.000
3.481
3.481
4.481
4.481
5.481
5.481
6.481
6.481
7.481
7.481
8.481
8.481
9.481
9.481
10.000
10.000
10.000
10.000
10.000
10.000
10.000
10.000
7.866
8.866
8.866
9.866
9.866
10.000
10.000
10.000
10.000
10.000
10.000
10.000
10.000
10.000
10.000
10.000
10.000
10.000
10.000
4.392
4.392
5.392
5.392
6.392
6.392
7.392
7.392
8.392
5.830
5.830
6.830
6.830
7.830
7.830
8.830
8.830
9.830
9.830
10.000
10.000
10.000
10.000
10.000
10.000
10.000
10.000
10.000
10.000
10.000
10.000
10.000
10.000
10.000
10.000
10.000
10.000
10.000
10.000
10.000
10.000
10.000
10.000
10.000
10.000
10.000
10.000
10.000
10.000
10.000
10.000
10.000
10.000
10.000
10.000
10.000
10.000
10.000
10.000
10.000
10.000
10.000
10.000
10.000
10.000
10.000
10.000
10.000
10.000
