1.980
1.980
2.980
2.980
3.980
3.620
3.620
4.620
4.620
5.620
4.152
4.152
3.048
1.604
1.604
2.604
2.604
3.604
3.604
3.749
4.749
4.389
4.052
4.052
4.613
4.139
5.139
5.139
1.867
1.831
2.831
2.831
3.212
3.212
4.212
3.074
3.074
3.074
1.948
2.948
2.948
3.948
3.948
4.948
4.269
4.269
4.477
3.164
3.164
4.164
4.164
4.099
3.814
3.814
4.814
4.814
5.814
5.203
4.322
4.322
5.322
4.884
3.990
4.990
4.990
1.116
2.116
2.116
1.857
2.186
2.186
3.186
1.837
1.837
2.837
2.837
3.837
4.837
4.331
1.050
1.853
1.853
2.491
2.491
1.583
2.583
2.583
1.699
2.699
2.366
2.366
2.985
2.985
3.985
1.777
1.777
2.777
2.777
3.777
3.777
3.005
3.005
1.854
2.839
2.042
2.042
3.042
2.235
2.080
2.080
2.412
2.412
3.412
3.232
3.232
4.232
4.232
3.983
3.718
3.718
3.612
1.883
2.883
2.883
2.163
3.163
3.163
4.163
4.163
3.232
3.232
4.232
4.232
2.858
2.858
2.891
2.891
0.859
1.392
1.392
2.392
2.392
3.087
3.087
4.087
2.229
2.229
3.229
3.229
4.229
5.229
4.949
4.160
4.160
4.870
3.915
3.257
3.257
4.257
4.257
3.227
3.227
4.227
4.227
3.680
4.680
4.680
3.447
3.591
2.067
2.067
1.411
2.411
2.411
2.872
2.872
3.872
3.872
3.578
3.578
4.578
4.578
3.863
4.863
4.098
4.098
3.641
3.641
4.641
4.641
5.641
4.267
4.267
3.441
4.441
3.910
3.910
4.910
4.251
5.251
5.251
2.862
3.862
3.862
4.862
4.862
3.879
3.052
2.151
2.151
1.444
2.444
2.444
2.134
3.134
2.400
2.400
3.400
2.994
2.515
2.242
3.242
3.242
2.718
2.429
3.416
3.416
2.913
3.913
3.422
3.422
2.377
3.377
3.377
3.091
4.091
4.091
3.779
3.286
3.286
2.299
3.299
3.299
2.816
3.816
3.816
4.816
1.079
2.079
2.079
3.079
3.079
3.104
3.104
3.935
3.935
4.935
4.935
3.989
4.382
4.382
3.996
3.799
3.799
3.173
3.435
3.435
4.435
4.435
3.923
3.594
4.594
3.869
3.869
4.869
2.669
2.669
3.669
2.512
3.512
3.512
3.512
4.512
3.789
1.372
1.899
1.899
2.899
2.899
2.750
2.750
2.986
2.986
2.831
2.831
3.288
3.288
4.288
4.288
2.757
2.367
2.367
1.678
2.560
2.323
2.323
3.323
3.323
3.349
3.349
1.125
2.125
2.125
2.153
2.153
2.540
2.540
2.098
2.368
1.394
1.394
2.394
2.394
3.394
3.394
4.394
4.394
3.841
4.841
3.211
3.211
4.211
5.211
0.927
1.757
1.757
2.523
2.523
3.480
3.480
2.816
3.816
3.219
3.219
3.411
3.411
3.157
3.157
2.745
2.745
2.433
3.433
3.433
3.418
1.160
2.160
2.160
2.160
1.664
2.237
2.237
3.237
3.237
3.237
3.084
3.084
2.555
3.555
3.555
2.970
3.970
3.970
3.691
4.691
4.691
5.691
5.691
4.273
