1.669
0.916
0.916
1.916
1.916
2.743
0.822
1.550
1.550
1.550
2.550
2.212
2.212
3.212
2.560
2.394
2.242
2.242
3.242
3.242
4.242
4.242
2.923
2.923
2.918
2.918
3.918
3.918
2.920
2.100
3.100
3.100
4.100
4.100
3.030
4.030
2.097
2.097
3.097
3.097
2.465
3.465
3.465
2.804
2.804
3.804
3.214
2.098
2.098
3.098
3.098
4.098
3.751
3.751
4.751
3.267
3.323
3.323
4.323
4.323
4.378
4.378
1.138
1.855
1.855
2.855
2.855
2.664
2.289
2.289
3.289
3.289
3.756
3.756
4.756
4.756
3.177
4.177
3.075
3.075
4.075
5.075
4.311
4.311
3.882
4.882
3.823
4.823
4.823
5.823
5.823
2.862
3.862
3.862
3.276
2.444
2.444
2.627
2.222
2.222
3.222
3.222
3.967
3.967
2.879
2.879
3.879
3.879
4.879
4.879
3.360
3.360
4.360
4.360
5.360
5.360
4.678
4.167
4.167
2.623
1.383
1.383
2.105
2.105
3.105
3.105
4.105
3.457
3.457
4.457
4.457
2.982
2.982
3.982
1.593
2.593
2.593
3.593
3.593
3.026
2.440
3.440
3.440
3.340
3.340
3.855
3.855
4.855
4.855
2.790
3.494
3.494
4.494
3.883
3.883
3.583
3.346
3.346
2.550
1.786
1.786
2.634
2.634
3.312
1.216
2.131
2.131
2.802
2.802
2.079
2.116
2.116
2.344
2.344
1.639
2.105
2.105
3.105
3.105
4.105
4.105
2.442
3.241
3.241
4.241
4.241
3.918
4.918
4.918
3.956
4.956
4.385
3.402
4.402
4.402
3.999
4.999
4.999
3.946
1.754
2.623
2.623
2.404
2.596
2.596
3.583
3.583
3.098
4.098
4.098
2.068
3.068
3.068
2.659
2.386
2.386
3.386
3.386
2.782
2.874
2.874
3.874
3.874
4.874
3.811
3.811
2.872
2.872
3.872
3.377
3.377
2.795
2.795
3.795
3.795
3.459
3.419
3.419
3.403
3.403
4.403
4.403
5.403
4.753
4.753
4.353
5.353
3.442
3.442
3.011
3.772
3.772
2.000
3.000
3.000
2.300
2.300
3.300
3.300
2.818
2.083
1.499
2.029
2.029
3.029
3.029
3.029
4.029
3.500
4.500
4.500
3.975
4.975
4.975
3.944
4.944
4.944
5.944
5.944
5.193
6.193
6.193
3.902
4.902
4.902
4.263
4.263
5.263
5.263
3.170
4.170
2.077
0.908
1.518
1.518
2.518
2.518
2.518
3.518
3.518
2.601
1.583
1.583
2.583
2.583
3.583
3.583
4.583
4.244
3.961
3.961
4.335
3.430
4.430
4.430
3.232
4.232
4.232
2.346
3.346
3.346
2.957
2.957
3.957
3.957
3.433
4.433
4.433
3.909
3.658
4.658
4.658
4.294
5.294
4.174
4.174
5.174
5.174
3.944
4.944
4.944
4.065
3.278
3.278
3.156
2.167
2.167
3.167
3.167
4.167
4.167
1.826
2.826
2.826
3.826
3.826
3.640
3.640
4.640
4.640
4.272
5.272
4.912
3.978
3.978
4.978
1.369
1.369
2.369
2.369
3.369
3.369
3.395
3.395
1.852
2.013
2.013
1.779
2.763
2.763
3.763
3.763
4.056
4.056
5.056
5.056
4.751
3.392
3.392
4.015
4.015
3.095
3.095
2.402
3.402
3.402
2.972
3.446
3.446
4.446
4.446
5.446
5.446
5.052
4.187
4.187
4.787
