1.977
1.977
2.902
2.037
2.037
2.155
2.155
3.155
3.155
4.155
4.155
5.155
4.360
3.163
3.163
4.163
4.163
5.163
3.520
4.520
4.520
3.648
4.648
4.648
4.014
5.014
5.014
3.999
3.772
3.772
2.351
3.234
2.926
2.926
3.017
3.017
4.017
4.017
3.098
4.098
4.098
3.392
3.392
4.392
3.691
3.691
2.719
2.529
2.957
2.957
3.957
3.957
4.957
4.957
4.042
2.708
2.708
2.385
3.199
3.199
3.991
3.991
3.732
3.008
3.008
4.008
4.008
2.815
2.815
2.045
2.045
3.045
3.045
1.409
2.409
2.409
3.409
3.409
3.234
2.630
3.630
3.211
3.211
2.840
3.840
3.424
3.424
2.541
2.952
2.684
2.684
2.092
3.092
3.092
1.698
2.413
1.411
2.411
2.411
1.764
2.764
2.764
3.764
3.764
2.656
2.656
2.395
3.395
3.395
2.643
2.643
2.068
3.020
3.020
2.829
3.829
3.829
4.829
4.829
3.912
2.554
2.554
3.554
3.554
3.375
3.375
2.393
2.393
3.393
3.393
2.821
2.821
2.389
3.389
3.389
2.715
0.897
0.897
1.703
1.703
2.703
1.196
2.196
2.196
3.196
3.196
2.809
3.809
3.809
3.471
2.832
3.702
3.702
4.702
4.702
4.322
2.657
2.876
2.876
3.876
3.876
4.876
3.351
3.351
4.351
4.351
4.719
4.719
3.616
4.616
2.814
2.814
3.814
3.814
1.182
2.182
2.182
3.182
2.813
2.813
3.767
3.767
3.610
3.172
3.172
2.621
2.621
3.621
3.621
4.055
4.055
5.055
5.055
4.010
3.669
3.402
3.402
3.890
3.890
4.890
2.335
2.335
3.069
1.159
2.159
2.159
2.515
2.515
3.266
3.266
4.266
4.266
3.976
4.976
4.413
4.413
1.914
2.914
2.914
3.914
3.914
4.914
4.914
4.347
3.184
3.184
4.184
1.992
1.992
0.431
1.431
1.431
2.028
2.028
2.416
3.416
3.416
4.416
4.178
4.178
5.178
3.706
3.460
4.460
4.460
2.810
2.467
2.467
3.467
3.467
1.368
2.368
2.368
1.695
2.695
2.695
3.554
3.554
2.081
3.081
3.081
3.034
3.034
1.347
2.276
2.276
2.060
2.060
3.060
3.060
4.060
4.060
5.060
5.060
6.060
5.250
5.250
4.697
5.697
3.927
2.800
3.800
3.800
2.345
3.345
3.345
4.345
4.345
3.996
4.996
4.996
4.027
4.224
3.892
3.892
0.645
1.645
1.645
2.645
2.645
2.323
2.323
3.323
2.888
2.888
3.888
3.429
0.800
0.800
1.204
1.204
2.204
1.430
1.430
2.430
3.430
3.430
4.430
4.026
4.026
5.026
4.735
4.302
5.302
5.302
4.672
4.093
5.093
5.093
4.254
3.620
4.620
4.620
5.527
5.527
5.235
3.863
3.961
3.961
4.961
4.961
3.935
4.935
4.259
4.259
3.986
4.986
4.607
3.918
3.168
3.168
3.303
3.303
2.802
1.978
2.978
2.713
2.713
3.713
3.713
2.968
2.804
2.804
3.450
3.450
3.295
3.103
3.103
4.103
4.103
3.580
3.477
3.477
3.373
3.373
4.288
1.788
1.788
2.788
2.509
2.509
3.509
3.509
4.164
4.164
5.164
3.980
3.980
4.980
4.688
3.985
3.985
4.985
3.998
4.998
4.998
4.308
5.308
5.308
4.811
4.811
4.276
3.981
3.681
3.681
2.258
3.258
2.000
2.000
3.000
2.141
2.141
2.777
2.510
2.510
3.510
