1.689
2.689
3.689
4.689
5.689
5.837
5.432
6.432
7.004
6.562
5.001
6.001
7.001
6.518
6.296
7.296
4.929
5.036
6.036
6.581
6.125
6.088
6.881
6.027
5.964
5.317
5.852
6.852
7.145
6.686
7.145
4.480
5.093
6.093
7.093
5.470
5.714
6.427
7.427
6.548
6.257
6.111
5.383
6.383
6.229
6.670
6.722
5.909
6.909
6.675
6.568
5.333
6.027
5.889
3.976
4.976
5.976
5.800
6.315
5.954
6.394
6.031
7.031
4.858
5.527
5.103
6.103
6.258
5.374
5.088
4.336
4.981
5.009
5.371
5.318
6.250
6.302
5.002
5.678
5.121
5.291
6.330
5.452
5.716
6.053
7.053
7.336
6.064
7.064
5.770
5.346
6.161
7.161
8.161
7.206
7.625
7.200
7.035
7.035
8.035
