1.910
2.910
3.449
3.990
3.948
4.323
5.323
4.984
3.094
5.094
5.094
4.596
5.107
4.764
5.275
6.275
6.270
6.534
5.470
4.002
4.980
4.188
4.178
4.594
5.375
3.972
3.222
4.222
3.738
4.738
5.615
5.119
3.113
4.113
5.113
4.914
5.914
5.847
5.418
5.465
4.474
4.218
4.111
5.111
6.111
4.463
5.064
5.445
4.582
5.582
6.593
3.541
4.541
3.352
2.759
3.576
3.082
4.082
5.082
1.281
1.000
1.461
2.461
3.461
3.991
4.991
2.820
3.820
3.952
3.609
4.609
5.609
4.528
3.995
3.507
2.758
3.758
4.758
3.965
4.965
3.508
4.508
5.508
4.431
2.248
3.248
4.248
4.712
5.712
4.281
4.795
5.488
6.488
3.626
3.850
4.117
3.655
4.655
2.345
2.345
3.345
4.345
5.044
2.806
3.356
4.356
5.278
4.997
4.352
4.098
4.401
3.967
4.796
5.796
6.796
4.161
5.161
5.336
6.336
