1.948
2.948
0.531
1.085
2.085
4.085
5.085
6.085
5.645
3.451
4.084
1.017
1.955
2.955
3.955
1.103
2.064
3.064
2.333
0.462
0.951
1.951
2.436
3.436
0.861
1.861
2.861
3.861
0.905
0.882
1.814
2.814
0.828
1.069
2.069
2.562
3.267
4.267
2.452
2.650
3.650
1.517
2.131
2.827
3.827
4.216
3.918
4.918
1.114
2.099
3.099
4.099
3.748
2.584
3.093
4.069
5.069
5.488
4.419
0.887
1.632
1.511
2.511
0.817
1.558
2.558
3.558
3.887
4.887
5.887
6.270
4.991
5.991
1.101
2.101
3.101
0.882
1.784
2.784
0.937
1.937
2.937
3.057
4.057
5.057
6.057
3.214
0.553
1.024
2.758
3.758
1.035
2.035
2.035
4.035
4.356
5.356
4.522
1.161
2.161
0.759
1.759
2.195
3.195
4.195
1.966
2.966
0.768
1.543
2.437
1.044
2.044
3.044
1.469
2.561
1.162
1.162
2.162
4.162
2.518
0.914
1.853
2.569
0.522
1.016
1.867
3.621
4.621
5.621
4.464
4.985
5.985
