204.088
23.350
26.686
25.184
150.071
23.047
24.264
30.246
180.232
20.117
29.168
22.474
154.316
23.079
24.254
24.482
126.600
24.392
26.526
24.124
117.238
27.602
25.328
29.043
121.140
27.286
26.819
24.741
119.987
24.023
30.099
25.566
85.704
27.725
29.373
28.257
104.662
22.151
29.242
29.252
140.978
25.513
31.209
30.038
108.699
23.347
24.734
32.271
92.003
26.656
24.628
24.921
49.088
35.612
25.453
23.792
26.004
61.826
24.928
23.373
25.200
47.452
27.608
225.532
23.490
26.052
27.826
226.028
29.849
33.144
63.191
217.180
83.764
24.411
30.201
192.235
26.591
28.527
50.258
196.775
25.065
25.342
43.006
188.118
24.036
25.851
55.163
159.835
22.132
24.569
34.139
171.416
24.333
25.247
30.681
142.534
25.501
26.502
25.996
132.537
22.957
23.152
27.027
130.027
28.409
26.438
42.088
87.688
28.302
27.796
29.030
79.490
24.483
24.980
37.383
26.992
25.729
244.270
48.195
20.879
24.183
22.721
25.275
62.439
26.385
23.834
22.578
29.414
26.244
24.905
27.986
33.267
27.754
23.812
