22.198
44.019
23.282
25.940
24.578
22.516
24.509
23.263
24.846
26.465
36.734
22.926
25.310
27.307
27.963
38.492
24.565
20.497
21.883
22.532
29.721
22.923
22.885
23.339
20.617
22.002
27.269
23.914
23.921
31.682
23.718
25.323
24.135
23.262
27.413
25.654
21.485
29.347
24.173
25.158
21.660
22.722
24.029
24.107
27.369
38.508
25.309
23.129
25.531
41.102
21.512
23.994
24.461
26.660
25.389
34.642
22.492
23.319
24.518
23.440
22.099
26.807
25.909
36.282
22.023
22.655
25.637
34.191
26.367
30.581
23.558
26.124
25.934
23.379
23.720
23.465
22.664
26.160
41.102
22.660
21.403
24.058
53.182
26.420
26.658
20.100
25.202
24.147
64.971
22.427
24.628
24.630
27.381
21.790
29.057
25.959
25.671
21.182
25.331
23.284
24.185
24.842
24.602
22.644
22.622
22.203
23.200
