1.732
1.732
2.732
2.732
3.732
3.732
4.732
3.689
3.689
3.689
2.859
3.859
3.087
3.087
4.087
2.044
3.044
3.044
2.170
3.170
3.170
2.477
2.395
2.395
3.395
3.395
4.395
4.395
5.395
5.395
6.395
6.395
7.395
7.395
8.395
8.395
9.395
9.395
10.395
10.395
11.395
11.395
12.395
12.395
13.395
13.395
14.395
14.395
15.395
15.395
16.395
16.395
17.395
17.395
16.214
17.214
17.214
13.894
14.894
14.894
15.894
15.894
16.894
15.443
8.230
6.080
6.080
7.080
5.297
3.972
4.972
4.972
5.972
5.972
3.996
3.996
4.996
2.270
2.270
1.611
2.611
2.611
3.611
3.611
4.611
4.611
5.611
5.611
6.611
6.611
7.611
7.611
8.611
8.611
9.611
7.805
7.805
7.805
7.805
6.335
7.335
5.121
5.121
5.121
6.121
5.542
4.701
5.701
5.701
5.123
5.123
6.123
6.123
5.464
3.827
4.827
4.827
4.364
4.036
3.719
2.980
3.980
3.980
3.291
4.291
4.291
3.580
4.580
4.580
3.993
4.993
4.479
4.395
4.395
5.395
5.395
6.395
2.994
3.344
3.344
4.344
4.344
5.344
5.344
6.344
6.344
3.530
4.530
4.530
5.530
5.530
6.530
6.530
7.530
7.530
8.530
7.697
7.697
8.697
8.697
9.697
9.697
10.697
10.697
8.990
9.990
9.990
10.990
10.990
11.990
11.990
12.990
4.408
4.408
4.408
5.408
3.937
3.937
4.937
4.937
5.937
5.937
6.937
6.937
7.937
7.937
8.937
8.937
9.937
9.937
10.937
10.937
11.937
11.937
12.937
12.937
13.937
13.937
14.937
14.937
10.358
10.358
10.358
11.358
4.264
3.486
3.486
2.843
3.843
2.029
2.029
3.029
3.029
4.029
4.029
5.029
5.029
6.029
6.029
7.029
7.029
8.029
8.029
4.741
4.741
4.292
5.292
4.621
5.621
5.621
4.719
4.719
4.003
5.003
5.003
4.690
4.158
2.184
3.184
3.184
4.184
4.184
5.184
4.284
4.284
5.284
3.942
3.942
2.137
3.137
3.137
4.137
2.586
2.586
3.586
4.586
3.444
4.444
4.444
3.674
3.394
3.137
4.137
4.137
3.793
3.480
4.480
2.134
2.134
2.187
2.187
3.187
3.187
4.187
4.187
5.187
5.187
6.187
6.187
7.187
6.504
6.307
6.307
7.307
6.221
6.221
7.221
7.221
8.221
8.221
9.221
9.221
10.221
10.221
11.221
11.221
12.221
9.911
9.911
9.911
9.911
10.911
10.911
