2.000
2.000
3.000
3.000
4.000
0.506
0.506
1.023
1.023
2.023
0.559
1.056
1.056
2.040
2.040
3.040
3.040
4.040
4.040
5.040
5.040
6.040
6.040
7.040
7.040
8.040
8.040
5.224
6.224
6.224
7.224
7.224
0.502
1.502
1.502
2.502
2.502
2.404
2.404
3.404
3.404
4.404
4.404
5.404
5.404
0.572
1.229
1.229
2.229
2.229
3.229
3.229
4.229
4.229
3.903
4.903
4.903
5.903
5.903
6.903
6.903
7.903
7.903
6.900
7.900
6.643
6.643
0.556
1.201
1.201
2.201
2.201
3.201
3.201
4.201
4.201
5.201
5.201
6.201
4.763
4.763
1.890
2.890
2.890
3.890
3.890
4.890
4.890
5.890
5.890
0.513
1.049
1.049
2.049
2.049
3.049
3.049
2.756
3.756
3.756
0.530
1.393
1.393
0.538
1.096
1.096
2.096
2.096
3.096
3.096
4.096
4.096
5.096
5.096
6.096
0.577
0.577
1.577
0.551
0.551
1.146
0.450
0.893
0.893
1.777
1.777
2.777
2.777
3.777
3.777
3.245
4.245
4.245
5.245
5.245
6.245
6.245
7.245
7.245
5.782
4.344
5.344
5.344
0.586
1.173
1.173
2.173
2.173
3.173
3.173
4.173
4.173
5.173
5.173
0.549
1.095
1.095
2.095
2.095
3.095
3.095
4.095
4.095
0.547
1.086
1.086
2.086
2.086
3.086
3.086
4.086
4.086
0.489
0.998
0.998
1.978
1.978
2.978
2.978
0.559
1.124
1.124
2.124
2.124
3.124
3.124
0.497
0.972
0.972
1.972
1.972
2.972
2.972
3.972
3.972
4.972
4.972
5.972
5.972
6.972
6.972
7.972
7.972
0.531
1.058
1.058
1.952
1.952
2.952
2.952
0.574
1.176
1.176
2.176
2.176
1.566
2.566
2.566
3.566
3.566
0.548
1.288
1.288
2.288
2.288
3.288
3.288
4.288
4.288
5.288
5.288
4.204
5.204
3.006
3.006
4.006
4.006
0.570
1.570
1.570
2.570
2.570
3.570
3.570
4.570
0.460
0.460
1.028
1.028
2.028
2.028
3.028
3.028
4.028
0.454
0.454
1.013
1.013
2.013
2.013
3.013
2.621
2.621
3.621
1.061
2.061
2.061
2.061
3.061
3.061
4.061
0.622
1.622
1.622
2.622
2.622
3.622
3.622
0.821
1.821
1.821
2.821
2.821
3.821
3.821
2.719
3.719
3.719
4.719
4.719
0.455
0.925
0.925
1.902
1.902
2.902
2.902
3.902
3.902
4.902
4.902
5.902
5.902
6.902
6.539
6.539
0.496
0.999
0.999
1.999
1.999
2.999
2.999
3.999
3.999
