0.947
1.947
1.770
1.764
1.764
1.764
1.764
1.617
1.468
1.468
1.468
1.387
1.365
1.322
1.322
2.322
1.688
1.688
1.688
1.688
1.688
1.688
1.688
1.688
0.927
0.927
0.927
0.927
0.927
0.927
0.927
0.927
0.927
0.835
1.826
1.489
1.489
1.489
1.489
1.413
1.398
1.398
1.294
1.294
1.292
1.170
1.170
2.170
1.784
1.784
1.784
1.784
1.784
1.784
1.784
1.609
1.609
1.609
1.516
1.426
1.343
1.343
1.316
2.316
1.999
1.999
1.892
1.892
1.892
1.793
1.788
1.788
1.725
1.725
1.725
1.725
1.725
1.556
1.556
1.385
2.385
2.074
2.074
2.074
2.074
2.074
1.900
1.819
1.819
1.692
1.692
1.692
1.569
1.538
1.499
1.499
1.499
1.499
2.499
2.289
2.288
2.273
2.259
2.259
2.259
2.259
2.259
2.097
2.094
1.965
1.752
1.746
1.746
1.635
1.635
2.635
2.635
2.159
2.159
2.159
1.971
1.964
1.832
1.708
1.405
1.405
1.405
2.405
2.217
2.217
2.217
2.217
2.168
1.926
1.926
1.926
1.926
1.926
1.564
1.562
1.450
1.449
1.449
1.426
2.426
2.254
2.228
2.085
2.085
2.085
2.085
1.953
1.953
1.953
1.909
1.909
1.759
1.731
1.731
1.731
1.605
1.605
1.605
1.438
1.401
1.401
2.401
1.926
1.926
1.926
1.824
1.821
1.815
1.665
1.665
1.560
1.560
1.560
1.560
1.535
1.535
1.447
1.447
1.445
1.429
1.406
1.386
2.386
2.233
2.008
1.790
1.790
1.679
1.587
1.488
1.487
1.487
1.476
1.406
1.406
2.406
2.406
2.186
2.186
2.186
2.186
2.186
1.967
1.957
1.898
1.894
1.888
1.875
1.694
1.694
1.566
1.544
1.488
1.329
1.329
1.329
1.326
2.326
2.326
2.116
2.115
2.115
2.115
2.115
2.115
2.115
1.891
1.891
1.758
1.758
1.758
1.758
1.758
1.541
1.539
1.522
1.408
1.408
1.332
1.332
2.332
1.639
1.639
1.639
1.639
1.537
1.465
1.464
1.464
1.363
1.363
1.363
1.333
2.333
1.969
1.966
1.642
1.642
1.642
1.642
1.642
1.642
1.642
1.532
1.532
1.509
1.509
1.509
1.502
1.213
1.213
1.213
1.213
2.213
1.852
1.852
1.852
1.751
1.742
1.742
1.742
1.624
1.608
1.608
1.464
1.335
1.328
1.328
2.328
1.876
1.876
1.876
1.876
1.692
1.556
1.556
1.556
1.556
1.476
1.456
1.376
1.291
1.271
1.255
2.255
2.095
2.095
1.874
1.874
1.874
1.874
1.874
1.874
1.791
1.791
1.791
1.641
1.406
1.406
1.406
1.406
1.406
1.406
1.311
1.292
1.285
1.285
1.185
2.185
2.066
2.062
2.011
2.009
2.009
2.008
1.973
1.844
1.700
1.663
1.663
1.663
1.509
1.368
1.307
1.307
1.307
2.019
1.901
1.791
1.419
1.419
1.419
1.419
1.325
1.325
1.274
1.186
1.142
1.142
2.142
1.581
1.581
1.581
1.581
1.581
1.581
1.581
1.581
1.407
1.275
1.155
1.155
1.143
1.143
1.143
1.143
2.061
2.061
1.828
1.828
1.828
1.828
1.699
1.635
1.468
1.468
1.468
1.468
1.329
1.232
1.200
1.200
1.067
1.067
1.067
2.067
1.779
1.779
1.779
1.779
1.678
1.578
1.424
1.424
1.424
1.424
1.424
1.334
1.207
1.202
2.202
1.921
1.921
1.921
1.824
1.824
1.821
1.818
1.818
1.814
1.759
1.759
1.759
1.543
1.535
1.399
1.290
2.290
1.965
1.888
1.884
1.884
1.884
1.884
1.660
1.660
1.660
1.660
1.660
1.522
1.514
1.427
1.292
1.292
1.292
2.292
1.941
1.941
1.939
1.759
1.759
1.759
1.561
1.561
1.561
1.516
1.516
1.407
2.407
2.204
2.204
2.204
2.004
2.004
2.004
2.004
1.892
1.649
1.649
1.649
1.649
1.457
1.330
1.330
2.330
2.185
2.185
2.185
2.185
1.968
1.782
1.779
1.756
1.756
1.633
1.561
1.406
1.406
1.447
