54.801
53.620
59.929
50.517
39.273
39.548
53.523
46.865
42.093
56.501
41.763
45.646
41.478
52.685
45.250
46.408
45.157
42.466
49.646
44.863
59.563
55.480
47.406
48.628
47.804
43.127
55.641
39.993
51.214
83.024
49.744
55.953
58.564
59.269
54.171
57.111
37.061
46.039
58.675
43.043
45.226
49.624
40.162
57.540
46.715
51.096
41.564
57.414
43.326
51.665
49.502
46.841
59.458
57.703
51.401
44.749
43.269
65.186
47.952
52.497
43.883
56.162
49.262
50.583
45.025
47.068
42.739
57.735
52.394
42.794
61.913
44.369
49.272
41.395
42.841
45.560
80.358
49.756
58.310
40.042
58.263
47.240
39.733
52.995
60.922
42.201
53.282
45.808
42.792
50.220
47.500
55.975
52.844
39.666
64.754
42.877
43.994
42.334
50.057
48.701
47.751
55.544
51.594
57.980
45.552
44.709
42.994
60.092
47.412
42.482
45.007
45.541
49.878
42.967
58.092
51.233
51.854
76.889
43.882
50.421
48.381
42.851
48.637
53.091
70.625
54.069
52.703
54.263
41.836
43.974
54.427
48.198
49.686
