1.836
1.836
2.701
2.701
3.701
3.701
4.701
3.915
3.915
4.692
4.692
4.691
4.206
0.671
1.107
1.107
2.107
2.107
3.107
3.107
2.924
3.924
3.924
3.924
4.129
4.129
3.547
3.024
4.024
4.024
3.366
4.366
4.366
2.862
3.862
3.862
2.665
3.665
3.665
4.600
4.600
3.853
4.853
3.613
3.613
2.760
3.760
3.760
3.318
3.318
4.305
4.305
5.089
3.702
3.702
4.702
4.702
5.702
3.666
3.666
4.666
5.666
5.355
5.355
6.355
5.869
5.869
6.869
6.869
2.761
3.761
3.761
4.761
3.319
4.319
4.319
5.319
5.319
5.319
6.319
5.178
1.346
2.308
2.308
3.308
3.308
4.308
2.956
2.956
3.956
3.956
3.118
3.118
4.118
4.118
5.118
5.118
6.118
1.100
2.100
2.100
3.100
3.100
4.100
4.100
5.100
5.100
4.680
5.680
5.680
5.328
6.328
6.328
5.460
2.748
3.748
3.748
4.748
4.007
4.007
5.007
1.247
2.247
2.247
3.247
3.247
2.737
3.737
3.737
2.416
3.416
2.351
2.351
3.351
3.351
4.351
4.351
3.116
4.116
3.205
3.205
3.032
4.032
4.032
5.032
4.084
4.084
5.084
5.084
6.084
5.292
4.039
4.039
3.505
3.123
4.123
4.123
3.487
3.095
4.095
4.095
5.095
5.095
4.045
5.045
5.045
4.611
3.452
3.452
3.231
4.231
4.231
4.016
5.016
5.016
3.337
3.337
4.337
4.337
3.708
4.708
4.337
4.337
3.620
4.620
3.233
3.233
4.233
4.233
5.233
5.233
4.808
3.965
2.593
3.593
3.593
4.377
4.377
2.971
3.971
3.971
4.971
4.971
4.404
4.179
3.850
4.850
4.850
4.841
4.841
4.279
3.431
3.175
4.175
4.175
3.909
4.909
4.909
5.909
4.119
4.119
3.506
4.506
4.506
5.506
4.782
4.782
4.782
0.958
1.720
1.720
2.166
2.166
3.166
3.166
4.166
4.166
5.166
5.166
4.700
4.700
5.700
5.334
3.145
3.145
4.086
4.086
0.993
1.993
1.993
1.860
1.860
2.860
2.860
3.860
3.860
4.860
4.860
5.860
4.739
4.739
4.739
5.739
4.625
4.034
5.034
5.034
6.034
6.034
4.639
5.639
5.270
5.270
5.270
4.009
5.009
5.009
6.009
5.358
5.358
5.529
5.529
6.529
6.529
4.970
4.970
5.970
5.970
5.124
6.124
4.804
4.804
5.804
4.027
4.027
4.459
4.051
4.051
3.872
3.872
4.872
4.872
4.374
3.862
4.862
4.862
5.862
5.268
4.127
4.809
4.809
3.975
3.603
3.603
3.244
4.244
3.965
3.965
4.965
4.965
5.965
5.965
3.946
4.946
4.946
4.102
5.102
4.662
4.662
4.412
5.412
3.715
3.278
3.278
4.278
4.278
5.278
5.278
6.278
5.351
5.351
4.120
5.120
4.863
4.863
5.863
5.411
4.169
4.169
3.691
4.046
4.046
5.046
4.335
2.911
3.911
3.911
4.911
4.911
4.015
3.462
4.462
4.462
4.925
4.925
3.300
3.300
4.300
3.161
3.161
4.161
4.161
4.794
4.794
2.847
3.847
3.847
4.847
3.910
3.910
4.624
3.918
3.918
4.789
