1.797
2.797
3.797
4.797
4.536
5.536
5.463
5.630
5.021
4.687
5.687
6.687
6.491
8.028
6.914
6.263
5.287
5.913
6.110
6.985
7.115
6.737
7.737
6.764
5.748
6.748
7.748
6.732
7.144
6.504
6.502
7.502
7.313
8.313
7.901
5.652
5.470
6.351
4.959
5.124
6.024
5.303
6.080
4.740
5.740
6.295
4.233
5.233
4.755
5.755
6.755
6.833
7.833
5.352
6.020
5.217
6.217
6.069
6.575
7.575
4.411
5.411
5.806
5.763
5.421
5.740
5.031
3.668
4.029
4.065
5.065
5.190
4.613
6.054
6.472
4.739
4.823
4.823
5.823
6.823
6.308
4.080
5.080
5.607
6.067
7.067
7.318
5.757
6.757
4.999
4.214
4.787
5.387
5.435
5.795
4.994
5.244
5.038
5.206
5.482
5.989
6.056
7.056
8.056
6.254
7.060
7.054
8.054
9.054
6.107
5.292
6.292
5.068
6.068
6.073
6.475
6.464
