21.625
21.205
23.500
27.844
22.917
23.574
21.604
25.486
25.450
22.888
24.637
22.652
25.999
22.152
21.028
22.667
23.848
23.006
24.594
20.758
26.245
23.697
22.109
23.954
25.939
21.100
28.603
22.950
28.342
23.415
20.572
36.270
25.638
41.589
24.312
21.599
21.803
23.112
25.613
21.038
29.591
22.413
21.832
25.017
21.370
26.483
23.791
24.168
22.959
29.562
22.423
21.243
23.416
27.031
23.691
28.777
28.872
24.987
24.793
28.942
24.242
23.642
21.458
24.627
22.638
26.778
26.705
27.693
25.019
23.375
24.257
27.337
22.276
20.864
24.387
31.259
29.728
21.407
23.485
24.127
25.596
25.521
22.272
22.257
27.858
26.399
26.845
25.796
23.315
25.822
21.081
24.989
23.015
23.542
21.871
25.727
23.812
