1.982
1.982
2.982
2.982
3.982
3.617
3.617
4.617
4.617
5.617
5.617
6.617
6.617
7.617
7.617
8.617
8.617
9.617
9.617
10.617
10.617
11.617
11.617
12.617
12.617
13.617
13.617
14.617
14.617
13.802
14.802
14.802
15.802
15.802
16.802
16.802
17.802
15.545
16.545
16.545
17.545
17.545
18.545
18.545
19.545
19.545
20.545
20.545
18.494
19.494
19.494
20.494
20.494
21.494
21.494
22.494
22.494
21.353
22.353
22.353
21.226
22.226
22.226
23.226
21.774
21.774
22.774
22.774
19.066
20.066
20.066
21.066
21.066
22.066
22.066
23.066
23.066
24.066
24.066
25.066
25.066
26.066
26.066
24.592
25.592
25.592
26.592
19.288
19.288
20.288
20.288
5.863
5.863
6.863
6.863
7.863
7.863
8.863
8.863
9.863
9.863
6.843
7.843
6.452
6.452
7.452
4.136
2.397
3.397
3.397
1.492
2.492
2.492
3.492
3.492
4.492
4.492
5.492
5.492
6.492
6.492
7.492
7.492
8.492
8.492
9.492
9.492
10.492
10.492
11.492
11.492
12.492
12.492
13.492
13.492
14.492
14.492
15.492
15.492
16.492
16.492
17.492
8.065
8.065
2.918
2.918
3.918
3.918
4.918
4.918
5.918
2.272
3.272
3.272
4.272
4.272
5.272
5.272
6.272
6.272
7.272
7.272
8.272
8.272
5.023
5.023
4.581
3.009
4.009
4.009
5.009
4.111
4.111
5.111
5.111
6.111
2.729
2.729
2.378
3.378
3.378
1.931
2.931
2.931
3.931
3.931
4.931
4.931
5.931
5.931
6.931
6.931
7.931
7.931
8.931
8.931
9.931
9.931
10.931
10.931
11.931
11.931
12.931
12.931
13.931
13.931
14.931
14.931
15.931
15.931
16.931
16.931
14.641
15.641
15.641
16.641
5.222
5.222
5.222
5.222
2.198
3.198
3.198
4.198
3.723
3.723
1.780
2.780
2.113
3.113
3.113
3.113
2.861
3.861
3.861
3.861
3.515
4.515
4.515
5.515
5.515
5.515
6.515
6.515
7.515
7.515
8.515
8.515
9.515
9.515
10.515
10.515
11.515
11.515
12.515
12.515
13.515
13.515
14.515
14.515
15.515
14.690
15.690
15.690
16.690
16.690
17.690
17.690
18.690
18.690
16.165
17.165
17.165
18.165
18.165
16.529
13.035
14.035
14.035
11.260
9.028
7.797
8.797
7.172
7.170
4.859
4.579
4.579
