0.870
0.870
1.870
2.870
2.662
2.284
2.284
2.284
2.284
2.284
2.284
2.020
1.933
1.786
1.676
1.533
1.533
1.495
2.495
2.495
2.293
2.287
2.287
2.256
2.256
2.256
2.256
2.143
1.997
1.997
1.997
1.791
2.791
2.642
2.469
2.169
2.148
2.148
2.148
2.148
2.148
2.148
1.969
1.969
1.969
1.969
1.969
1.793
1.793
1.758
1.561
1.532
1.532
2.532
2.291
2.235
1.934
1.934
1.934
1.934
1.934
1.792
1.774
1.774
1.774
1.774
1.774
1.490
1.490
1.490
1.403
1.403
1.396
1.351
1.351
2.351
2.215
1.998
1.963
1.853
1.850
1.850
1.850
1.821
1.785
1.785
1.634
1.616
1.613
2.613
2.342
2.282
2.225
2.008
2.008
1.966
1.707
1.667
1.562
1.382
1.382
1.382
1.382
1.382
1.382
2.363
2.014
2.014
2.014
2.014
1.842
1.666
1.666
1.666
1.666
1.498
1.498
1.498
1.446
1.446
1.446
1.228
1.228
2.228
1.885
1.885
1.885
1.791
1.791
1.790
1.790
1.697
1.211
1.211
1.211
1.211
1.211
1.211
1.211
1.211
1.211
1.132
1.132
1.132
1.483
1.406
1.404
1.399
1.263
1.263
1.171
1.171
1.171
1.163
1.923
1.692
1.692
1.611
1.572
1.572
1.484
1.484
1.368
1.368
1.368
1.368
2.368
2.207
2.207
1.877
1.877
1.877
1.877
1.877
1.781
1.757
1.702
1.536
1.535
1.535
1.310
2.310
2.082
2.082
1.989
1.989
1.765
1.728
1.227
1.160
1.160
1.160
1.160
1.160
1.160
2.160
1.822
1.822
1.822
1.716
1.619
1.619
1.619
1.504
1.365
1.365
1.365
2.365
2.365
2.240
2.163
1.823
1.820
1.820
1.697
1.560
1.560
1.560
1.560
1.458
1.311
1.311
1.311
1.311
1.196
1.130
1.130
2.130
2.022
1.885
1.885
1.885
1.885
1.885
1.790
1.756
1.756
1.618
1.467
1.467
1.467
2.467
2.058
2.058
2.058
2.058
2.058
2.058
1.776
1.776
1.776
1.549
1.424
1.424
1.424
1.261
1.261
2.261
2.132
1.892
1.892
1.892
1.768
1.754
1.653
1.503
1.503
1.487
1.487
1.487
1.361
1.242
1.242
2.242
1.961
1.935
1.931
1.823
1.823
1.823
1.718
1.709
1.709
1.701
1.701
1.701
1.701
1.587
1.587
1.587
1.454
1.454
2.454
2.284
2.284
1.965
1.965
1.965
1.965
1.842
1.829
1.760
1.698
1.698
1.431
1.431
1.309
1.309
1.978
1.978
1.879
1.872
1.872
1.700
1.700
1.511
1.387
1.387
1.387
1.387
1.295
1.272
1.272
1.272
2.272
1.928
1.836
1.836
1.836
1.836
1.836
1.717
1.540
1.539
1.458
2.458
2.132
2.050
2.050
2.050
1.894
1.894
1.690
1.669
1.669
1.669
1.444
1.444
1.444
1.444
1.444
2.444
2.140
2.137
2.134
2.134
2.134
2.020
2.001
1.758
1.758
1.510
1.510
2.445
2.290
2.236
2.192
2.192
2.138
2.130
2.129
2.012
2.012
1.966
1.966
1.783
1.783
1.758
1.758
1.756
1.581
1.559
2.559
2.559
2.287
2.287
2.097
2.097
2.097
2.097
2.097
2.097
2.097
1.932
1.932
1.785
1.588
1.587
1.577
2.577
2.290
2.281
2.259
2.259
2.259
2.259
2.075
2.075
1.970
1.933
1.789
1.756
1.756
1.756
1.756
1.756
1.657
2.657
2.307
2.307
2.307
1.997
1.997
1.762
1.501
1.501
1.484
1.484
1.484
2.484
2.302
2.266
2.266
2.266
2.266
2.266
2.266
2.266
1.941
1.941
1.885
1.885
1.885
1.885
1.787
1.787
1.722
1.700
1.700
1.562
1.562
1.562
1.558
1.558
1.558
1.521
1.521
1.521
2.521
2.271
2.271
2.271
2.106
2.106
2.106
2.106
2.106
2.106
2.106
1.953
1.953
1.953
1.772
1.772
