2.000
2.020
1.730
2.415
2.375
1.239
2.159
2.723
3.144
2.093
2.276
1.779
2.779
1.882
3.507
2.462
2.955
2.389
3.389
2.275
3.275
2.369
2.913
2.483
2.099
1.183
2.767
3.017
3.479
2.444
2.202
1.383
1.839
0.992
2.412
2.710
2.127
2.525
2.516
3.516
1.199
1.453
1.841
2.753
2.528
1.755
2.755
2.067
2.081
1.917
2.303
2.525
1.944
2.367
2.374
2.702
2.168
1.929
2.713
1.678
2.346
3.566
2.567
3.173
2.229
1.094
1.682
2.161
2.983
3.277
2.345
2.770
1.943
2.943
2.529
3.082
2.286
3.286
3.476
1.410
2.043
2.756
3.756
1.453
2.316
2.471
2.430
1.676
2.424
2.266
0.854
1.854
1.798
2.666
2.150
2.594
2.666
3.666
3.335
2.772
2.774
3.284
3.395
3.959
1.230
2.030
2.420
3.420
4.420
2.844
2.002
1.373
2.183
2.052
2.027
2.723
2.722
2.810
3.285
3.128
2.206
1.618
2.540
3.540
1.454
1.984
2.202
1.638
2.125
1.953
2.562
2.497
2.817
2.858
2.800
2.678
2.713
2.658
1.713
2.713
3.713
2.123
2.137
2.275
2.569
3.001
3.397
