49.050
67.208
74.697
54.536
63.826
92.661
79.202
76.594
58.475
95.333
59.981
59.326
52.234
51.097
51.569
71.189
66.251
49.846
98.173
57.013
56.626
51.995
75.050
56.110
75.518
55.890
83.142
71.642
50.963
87.836
70.511
57.998
226.364
57.152
52.530
58.991
94.601
56.252
86.734
72.437
130.391
53.611
47.274
57.630
74.996
75.261
73.135
59.658
79.071
74.497
87.184
81.927
58.657
58.770
69.890
60.178
59.720
84.415
60.053
64.684
77.587
56.262
52.203
58.297
60.772
54.539
73.937
81.279
52.870
75.259
79.983
50.589
42.396
46.474
69.628
58.437
58.577
65.483
62.125
68.268
60.276
57.023
55.710
64.813
86.933
59.261
53.773
55.024
61.214
74.992
213.652
48.809
58.095
56.560
78.293
71.930
49.020
77.679
45.556
53.309
59.248
52.278
61.786
61.485
89.280
57.552
54.016
58.958
62.505
50.432
70.791
70.586
53.433
46.243
61.503
64.380
74.899
46.466
60.450
65.887
55.918
61.467
55.198
38.225
66.124
60.634
73.390
70.192
52.754
53.121
51.028
52.884
58.787
61.690
61.605
87.554
77.125
53.737
67.003
69.712
63.332
69.452
48.091
64.713
57.676
56.795
61.448
