1.843
2.386
2.192
3.192
2.137
3.137
2.688
3.688
3.570
4.570
4.237
3.970
2.714
2.834
3.834
2.675
2.873
3.607
3.764
4.243
2.938
3.938
4.008
4.810
3.151
4.151
3.583
3.680
2.727
3.727
3.727
2.252
3.252
3.166
2.601
2.866
2.409
3.409
3.246
2.358
2.502
2.521
2.199
2.313
1.884
2.241
2.240
1.215
1.572
2.572
3.572
4.572
4.531
3.228
4.228
3.536
3.278
2.590
3.581
3.189
3.484
3.397
2.855
3.855
3.613
4.613
5.613
6.280
5.995
4.596
4.033
5.033
3.068
4.068
5.068
6.068
3.127
4.127
3.922
4.922
4.311
4.957
4.773
3.738
4.738
4.768
4.679
3.269
4.269
5.269
3.717
4.717
5.717
6.515
2.347
3.347
4.347
5.347
4.575
3.690
3.319
2.399
2.634
3.634
4.133
4.396
2.774
1.500
2.500
3.500
3.437
2.281
2.691
2.932
2.119
3.119
3.209
2.590
3.590
4.094
4.547
3.847
3.599
1.081
2.081
3.081
4.081
3.979
2.626
3.626
