64.069
73.273
56.654
47.705
59.917
60.506
50.621
48.090
147.257
55.356
49.992
43.461
51.317
67.079
59.599
61.584
44.501
54.570
46.361
42.740
62.995
72.207
70.972
49.558
50.464
58.688
80.589
127.092
142.810
132.546
77.193
141.904
116.030
205.501
217.467
116.600
117.890
157.777
177.243
71.664
52.783
47.068
44.070
46.865
84.118
55.942
170.181
45.906
41.150
46.084
49.049
49.160
69.519
74.850
141.168
52.209
62.587
62.556
57.224
65.545
101.246
57.057
76.866
44.477
47.976
49.008
55.171
60.855
39.381
46.943
66.063
42.991
57.197
47.274
79.117
58.569
41.632
58.836
48.470
41.021
78.201
56.528
51.574
49.416
104.154
62.314
55.488
52.319
51.822
44.454
61.386
42.262
47.791
36.235
49.740
35.497
48.460
36.215
44.424
121.622
72.061
56.474
52.928
52.115
55.536
53.959
44.181
40.991
43.745
280.046
75.578
46.422
46.711
46.616
49.272
55.946
51.840
53.839
61.341
42.502
50.873
56.718
45.572
58.933
54.139
48.992
53.564
47.231
52.937
