1.702
1.702
2.702
2.702
3.702
3.702
4.581
4.581
5.581
5.581
6.581
6.581
7.581
7.581
8.581
4.120
4.864
4.864
3.986
3.986
4.986
4.986
5.986
5.363
5.363
3.141
3.452
3.452
4.452
4.452
5.452
3.764
3.764
4.755
4.755
5.755
4.911
4.911
4.582
4.582
5.582
5.582
3.700
4.094
4.094
5.094
5.094
6.094
6.094
3.801
3.651
3.651
4.091
2.838
3.838
3.838
2.033
3.033
3.033
4.033
4.033
5.033
5.033
3.607
4.607
3.310
3.310
2.767
2.414
3.414
3.414
3.240
4.240
2.127
2.127
3.127
3.127
4.127
2.927
3.927
3.927
2.198
2.695
2.091
2.091
1.478
1.478
2.478
2.478
2.837
2.837
1.588
2.588
2.588
2.563
2.563
2.733
2.733
3.733
1.749
1.749
2.749
1.926
2.926
2.926
2.635
3.635
3.635
4.635
4.635
3.392
4.392
4.392
4.329
4.329
3.072
4.072
2.918
2.918
3.918
3.918
4.918
4.918
4.801
4.801
5.801
5.801
6.801
6.801
3.408
3.408
4.408
4.408
4.070
5.070
5.070
2.245
3.245
3.245
2.403
3.403
2.876
2.876
1.946
1.868
2.263
2.263
3.122
3.122
4.122
3.717
3.717
2.708
3.708
3.708
2.396
3.396
3.396
2.472
3.472
3.472
3.829
3.829
3.162
4.162
3.747
3.747
4.747
2.546
3.546
3.546
2.649
2.649
3.649
4.649
4.649
4.649
5.649
5.312
5.312
6.312
5.178
6.178
6.178
5.385
6.385
6.385
4.850
4.850
2.703
3.703
3.703
4.703
4.703
5.703
5.703
3.964
3.329
4.329
4.329
5.329
3.416
3.416
2.874
2.874
3.533
3.533
4.533
4.533
4.536
4.536
5.536
5.536
6.536
3.966
4.819
4.819
5.819
5.819
5.381
6.381
6.381
5.204
4.339
5.339
2.268
2.268
2.268
3.268
3.268
2.602
3.602
3.602
3.585
3.585
4.585
4.585
1.388
2.388
2.388
3.388
3.388
4.388
4.388
4.621
4.621
5.621
5.621
3.654
4.654
4.654
5.654
5.267
5.267
4.688
4.688
5.688
5.688
6.688
5.454
5.454
4.476
4.476
5.476
5.476
4.860
4.860
5.860
5.860
3.526
3.526
3.641
3.641
4.641
4.641
5.641
5.246
5.246
6.246
6.246
7.246
7.246
8.246
7.118
7.118
7.386
7.386
1.535
2.535
3.535
3.535
3.266
3.266
4.266
4.266
5.266
5.266
6.266
6.266
1.578
2.578
2.578
3.578
3.578
4.578
4.578
5.578
5.578
6.578
6.578
5.346
6.346
6.346
7.346
7.346
6.907
6.907
7.907
7.907
8.907
7.874
7.874
8.874
7.990
7.990
6.438
6.438
7.438
7.438
8.438
7.874
