1.000
1.000
1.000
1.000
1.879
1.879
1.189
1.189
1.189
1.189
2.189
2.189
2.189
1.699
2.699
2.699
2.699
3.699
3.699
3.699
3.081
4.081
4.081
3.387
2.898
3.898
3.898
3.898
4.898
3.077
3.077
2.634
1.000
1.000
1.000
1.000
1.000
1.873
1.873
1.873
1.247
1.247
1.000
1.858
1.858
2.858
2.858
3.542
3.542
4.037
4.037
5.037
5.037
6.037
6.037
5.557
6.557
5.459
5.459
6.459
4.102
5.102
5.102
6.102
6.102
5.137
3.984
4.984
4.984
5.984
5.085
5.085
6.085
6.085
7.085
7.085
5.205
6.205
6.205
7.180
7.180
5.129
6.129
6.129
5.015
5.015
6.015
6.015
4.586
4.586
5.586
5.586
4.644
5.644
5.325
5.325
4.910
4.910
3.561
3.140
3.140
3.500
3.500
4.500
4.500
5.500
5.126
5.126
6.126
5.352
5.352
6.352
6.352
5.639
6.274
5.365
6.365
6.365
5.487
3.936
3.663
3.663
4.663
4.663
5.663
5.663
5.174
6.174
6.174
3.253
4.253
4.253
4.871
4.871
4.841
4.841
5.841
4.135
4.135
3.294
4.294
4.294
2.942
3.942
3.942
4.942
4.942
4.826
4.826
5.826
3.552
3.552
4.552
3.922
3.922
4.757
4.757
4.786
4.786
5.786
4.462
4.462
5.462
4.971
4.971
5.971
5.971
5.202
6.202
6.202
7.202
6.222
2.799
3.799
3.799
4.799
3.909
3.909
4.909
4.909
5.909
5.909
4.781
5.034
5.034
6.034
5.132
5.132
6.132
6.132
4.572
4.084
3.726
3.726
4.726
4.726
5.726
5.176
5.176
6.176
3.951
3.951
4.662
4.662
5.662
3.843
4.843
4.843
3.852
4.852
4.852
3.814
4.814
4.814
4.255
5.255
5.255
6.255
6.255
5.197
4.707
4.707
5.707
4.761
4.761
4.158
5.158
5.158
6.158
6.158
3.940
4.298
4.298
5.298
5.298
4.385
2.129
2.904
2.904
3.904
3.904
4.904
4.904
4.904
5.904
5.904
6.336
5.429
1.444
1.444
1.444
2.444
2.444
3.444
3.444
4.444
4.444
5.444
5.444
3.758
4.758
4.758
4.055
5.055
4.268
4.268
1.095
2.095
2.095
3.095
3.095
4.095
4.095
5.095
5.095
6.095
5.364
5.364
3.961
4.833
4.833
3.468
4.468
4.468
5.468
5.468
4.384
5.384
3.980
3.980
4.980
3.004
3.007
3.007
3.321
3.321
1.095
2.095
2.095
3.095
3.095
2.024
2.024
2.619
2.619
3.619
3.619
2.930
3.539
3.539
1.350
2.191
2.191
3.191
3.191
4.191
3.863
3.863
2.661
3.580
2.979
2.979
3.979
2.810
1.154
2.154
2.154
3.154
3.154
4.154
4.154
3.945
4.945
4.945
3.825
2.587
3.587
3.587
3.620
3.620
4.620
4.620
4.670
4.670
3.175
3.665
3.665
4.665
4.665
4.036
4.036
4.709
4.709
5.709
4.423
4.423
2.102
3.008
3.008
4.008
4.008
5.008
5.008
4.054
5.054
5.054
6.054
4.891
4.891
5.891
5.247
5.095
5.095
4.309
3.390
2.606
3.606
3.606
3.616
3.616
