73.794
72.238
74.448
62.301
70.875
63.682
65.695
81.644
80.393
67.616
70.376
67.180
73.269
66.211
68.080
66.038
68.128
78.430
70.040
62.984
73.772
64.510
61.832
69.450
64.417
63.928
77.049
74.950
74.748
76.019
64.132
70.027
66.385
72.107
70.705
72.238
65.692
68.191
68.488
68.678
65.868
68.260
62.560
77.975
63.094
70.276
61.839
66.012
76.596
74.507
67.279
66.314
63.056
75.721
72.358
90.028
69.847
65.803
60.673
72.699
74.145
59.780
76.339
63.647
59.583
73.839
65.178
62.846
64.839
65.430
64.951
62.338
72.002
62.335
69.440
79.474
60.344
65.471
64.537
66.451
67.553
61.928
67.738
71.734
67.045
64.370
67.136
69.047
62.263
69.930
59.602
62.882
74.372
67.449
81.478
73.524
69.920
63.714
64.110
71.897
74.738
72.842
80.762
73.284
76.006
71.310
66.313
70.755
61.643
62.973
69.140
67.436
63.539
68.760
69.455
69.744
65.170
73.000
