1.826
1.826
2.826
2.826
3.826
3.826
4.826
2.149
2.149
3.149
3.149
4.149
4.149
4.713
3.934
3.934
2.721
3.721
2.980
3.980
3.980
1.665
1.976
1.976
2.976
2.976
3.976
3.976
4.976
4.976
4.079
4.839
4.839
5.839
5.839
3.112
4.112
4.112
4.968
3.056
3.056
4.056
4.056
5.056
5.056
6.056
3.646
3.018
4.018
4.018
5.018
5.018
4.126
4.126
3.430
3.430
4.430
4.430
3.979
4.965
4.965
3.065
4.065
3.739
3.739
4.739
4.739
2.128
3.128
3.128
4.128
3.203
2.683
2.683
3.555
3.555
4.555
4.555
3.524
3.676
3.287
3.287
4.287
4.287
3.700
4.700
3.894
2.636
3.011
3.011
3.011
3.745
3.100
1.252
2.252
2.252
3.252
3.252
3.003
4.003
4.003
3.161
4.161
4.161
3.831
4.831
4.831
5.831
4.100
4.100
4.656
3.717
3.717
4.625
4.625
4.927
4.927
5.927
4.655
4.655
4.655
5.655
5.340
5.340
5.340
3.657
3.829
3.829
4.829
4.182
4.182
5.182
4.486
3.742
3.742
4.742
4.742
5.742
5.742
5.238
4.793
3.203
4.203
4.203
3.964
4.375
4.375
3.524
3.525
3.525
4.525
4.525
5.525
5.525
5.119
6.119
5.632
5.632
4.770
5.770
5.770
4.046
4.626
4.626
5.626
4.025
4.025
5.025
5.025
6.025
3.778
3.778
3.638
3.638
4.638
1.520
1.520
2.520
2.520
3.520
3.520
4.520
4.520
5.520
4.985
4.062
5.011
5.011
4.280
3.089
4.089
4.089
5.089
5.089
6.089
5.401
5.401
4.700
3.932
3.932
4.932
4.932
3.566
4.566
3.829
3.829
3.679
3.679
3.191
4.191
4.191
4.903
4.903
4.608
5.608
4.327
4.327
4.999
4.388
4.388
5.388
5.388
6.388
5.256
5.256
2.012
2.012
3.012
3.012
4.012
4.012
5.012
4.001
3.442
3.442
3.085
4.085
4.085
5.085
5.085
6.085
6.085
5.298
4.237
3.519
4.519
4.519
5.013
5.013
3.923
4.923
4.923
4.043
5.043
5.043
5.201
1.514
1.514
2.264
2.264
2.764
2.764
3.331
3.331
4.331
4.071
4.071
5.071
5.071
4.740
4.380
4.380
5.380
3.178
4.178
4.178
3.886
4.886
4.886
3.934
3.547
3.547
4.547
3.652
3.652
4.652
4.652
4.910
4.555
4.555
3.933
4.933
4.933
4.915
4.915
3.725
4.725
2.350
2.350
3.350
1.261
2.177
2.177
3.177
3.177
3.862
3.862
4.862
2.164
2.164
2.164
1.000
1.000
1.627
1.627
2.627
2.003
2.003
3.003
3.003
4.003
4.003
4.660
3.968
3.968
3.549
4.549
4.549
5.549
3.842
3.842
2.036
3.036
