1.834
2.193
3.193
2.604
2.287
1.575
2.575
2.354
2.709
2.720
1.573
1.750
2.083
1.397
1.257
2.139
1.209
2.114
2.933
2.552
2.741
3.741
4.416
4.328
2.332
2.904
2.675
2.948
3.690
1.396
2.396
1.384
2.088
3.078
1.927
2.334
3.125
2.595
3.595
2.360
3.360
2.625
1.435
1.470
2.063
3.116
3.514
3.159
2.240
1.431
2.431
1.930
2.641
2.776
2.008
1.811
2.265
2.385
3.284
2.796
2.994
2.139
2.338
1.885
2.343
2.124
2.687
2.651
3.463
2.680
2.435
2.368
2.261
1.691
1.601
3.083
2.986
3.278
3.374
2.852
2.794
2.920
2.657
3.016
2.624
2.523
2.487
2.341
2.332
2.970
3.489
3.469
3.290
4.079
4.016
2.331
3.331
4.331
4.051
4.214
2.075
3.064
2.518
2.157
1.901
2.051
3.051
1.599
1.209
1.480
1.304
1.626
2.224
1.547
1.451
1.834
1.704
2.114
