1.844
1.844
2.802
2.802
3.802
3.802
2.831
2.831
3.501
3.501
4.501
4.501
4.168
4.284
4.069
3.538
3.538
4.538
4.538
3.789
3.789
4.789
3.904
3.904
4.904
4.034
5.034
5.034
4.045
5.045
2.663
2.663
3.613
3.613
4.613
4.218
4.218
2.731
2.731
3.157
3.157
1.976
2.976
2.377
2.377
3.377
3.377
4.377
4.031
4.031
5.031
5.031
5.628
3.279
1.240
2.240
2.240
3.240
3.240
3.405
3.405
4.405
4.148
4.148
5.148
5.148
3.870
3.674
1.911
2.911
2.007
2.007
3.007
3.007
2.423
3.423
3.423
3.402
3.223
1.631
2.303
2.303
2.303
2.124
2.124
3.124
2.360
3.360
3.360
4.360
4.360
2.308
3.308
3.308
4.308
2.599
2.599
3.420
3.420
3.920
3.920
3.028
3.028
4.028
4.028
3.637
3.637
1.592
2.592
1.965
1.965
1.407
1.535
1.535
2.194
2.194
3.194
3.194
3.698
3.698
4.698
4.095
4.095
5.095
5.095
4.461
5.461
4.753
4.181
4.181
5.181
4.764
4.169
5.169
5.169
3.997
3.997
3.492
4.492
4.492
3.980
2.412
3.412
3.412
4.412
4.412
5.412
5.412
4.387
2.703
2.703
2.888
2.888
3.128
2.927
2.927
3.927
3.927
2.525
3.525
3.525
4.525
4.525
4.255
5.255
3.570
4.570
4.570
3.896
4.850
4.850
3.888
4.888
4.888
4.190
5.190
5.190
4.766
3.238
3.238
3.310
3.310
2.125
3.125
3.125
3.534
3.534
4.534
4.534
4.133
5.133
5.133
6.133
5.650
5.650
2.382
2.954
2.398
2.398
3.398
2.346
3.346
3.346
2.239
3.239
3.239
1.399
1.666
1.666
2.242
2.242
2.292
2.292
3.292
3.292
4.292
4.292
5.292
5.292
4.808
4.127
5.127
5.127
4.691
4.691
5.691
4.802
4.802
5.802
4.249
4.249
5.249
5.249
4.669
5.669
4.153
4.153
4.153
5.153
1.363
2.363
2.363
3.363
3.363
4.363
4.363
3.992
3.586
4.586
4.078
4.078
2.587
2.587
3.587
3.587
3.341
4.341
4.341
5.341
5.341
3.280
4.280
4.280
2.095
3.095
3.095
3.704
3.704
3.495
1.828
2.650
2.650
2.112
2.112
1.784
2.279
2.279
2.186
2.186
1.619
2.619
2.619
3.619
3.437
3.437
4.437
4.437
4.010
5.010
4.360
4.360
4.117
2.942
2.942
3.942
3.942
4.942
4.361
3.991
3.991
3.991
2.401
3.401
3.401
4.401
4.116
3.658
3.658
4.658
4.658
2.392
3.392
3.392
4.343
3.624
3.624
2.349
2.349
3.349
3.349
4.349
3.873
3.873
4.412
5.412
5.015
4.730
4.730
3.786
3.836
3.836
2.953
3.953
3.953
