0.879
0.879
1.879
1.726
1.723
1.723
1.635
1.514
1.492
1.491
1.491
1.491
1.435
1.257
1.156
1.156
2.076
2.076
1.920
1.853
1.853
1.614
1.614
1.614
1.509
1.467
1.380
1.255
2.255
2.141
2.141
2.141
1.926
1.805
1.757
1.730
1.730
1.531
1.531
1.448
1.428
1.428
1.428
2.428
2.241
1.968
1.968
1.968
1.968
1.968
1.968
1.968
1.968
1.760
1.722
1.722
1.711
1.711
1.711
1.711
1.531
1.531
1.531
1.369
2.369
2.145
1.896
1.896
1.896
1.793
1.757
1.649
1.649
1.392
1.392
1.309
2.309
2.134
2.132
2.096
2.022
2.022
2.022
2.022
2.022
2.022
1.822
1.534
1.534
1.534
1.534
1.534
1.425
1.425
1.424
1.424
1.424
1.424
1.424
1.294
1.294
2.294
2.052
2.042
2.042
2.020
1.817
1.787
1.787
1.589
1.426
1.426
1.411
1.411
1.366
1.366
2.366
2.366
1.757
1.757
1.757
1.757
1.757
1.757
1.757
1.614
1.582
1.581
1.462
1.462
1.384
1.347
1.263
2.263
1.798
1.798
1.798
1.798
1.798
1.798
1.798
1.798
1.669
1.669
1.669
1.538
1.385
1.385
1.385
1.385
1.385
1.246
1.246
1.246
1.246
2.246
2.101
2.099
1.967
1.963
1.963
1.761
1.761
1.761
1.659
1.645
1.538
1.514
1.514
1.514
2.264
2.036
2.008
2.008
1.818
1.818
1.818
1.818
1.818
1.557
1.368
1.367
1.341
1.341
1.341
1.341
1.341
1.341
1.341
1.260
1.200
2.200
2.016
2.016
1.991
1.965
1.941
1.757
1.636
1.519
1.519
1.519
1.505
1.493
1.493
1.364
1.364
2.364
2.043
1.823
1.823
1.823
1.711
1.699
1.625
1.515
1.428
1.293
1.293
1.293
1.293
1.293
1.293
2.293
2.293
2.011
2.011
2.011
2.011
1.752
1.752
1.752
1.752
1.752
1.752
1.527
1.385
1.385
1.385
1.385
1.299
1.196
1.186
1.169
1.169
1.169
2.169
1.982
1.976
1.976
1.976
1.976
1.976
1.870
1.848
1.848
1.644
1.609
1.471
1.447
1.446
2.446
2.095
2.091
2.091
2.091
1.958
1.854
1.854
1.667
1.667
1.667
1.582
1.562
1.554
1.514
1.496
1.490
2.490
2.294
2.288
2.288
2.228
2.228
2.228
1.940
1.898
1.765
1.765
1.765
1.750
1.750
1.750
1.695
1.683
1.491
1.491
2.491
2.315
2.294
2.294
2.004
2.004
2.004
2.004
2.004
2.004
2.004
2.004
0.768
0.768
0.768
0.768
0.768
0.768
0.768
0.768
0.768
0.768
0.768
1.719
1.615
1.615
1.418
1.410
1.410
1.324
1.324
1.258
2.258
1.935
1.935
1.935
1.935
1.935
1.788
1.780
1.780
1.780
1.633
1.633
1.394
1.394
1.394
1.394
1.394
1.251
2.251
2.098
2.051
1.993
1.776
1.776
1.776
1.669
1.669
1.467
1.303
1.303
1.303
1.303
1.303
1.303
1.303
1.303
1.303
2.303
2.151
1.879
1.879
1.879
1.879
1.879
1.637
1.637
1.637
1.536
1.536
1.536
1.536
1.442
1.363
1.363
2.296
2.296
2.168
2.166
2.141
2.085
1.922
1.922
1.759
1.759
1.759
1.566
1.444
1.444
1.444
1.288
1.288
2.288
2.288
1.846
1.846
1.846
1.846
1.846
1.846
1.727
1.653
1.538
1.538
1.497
1.497
1.497
1.329
1.329
2.329
1.912
1.912
1.912
1.912
1.912
1.912
1.912
1.912
1.755
1.672
1.516
1.516
1.516
1.388
1.383
1.383
1.383
1.383
2.383
2.012
2.012
2.012
2.012
1.638
1.638
1.638
1.638
1.638
1.638
1.638
1.543
1.525
1.525
1.425
1.421
2.421
2.294
2.294
2.294
2.095
1.759
1.759
1.759
1.759
1.759
1.730
1.730
1.730
1.567
1.541
1.426
1.426
1.426
1.426
2.426
2.230
2.160
2.160
2.002
2.002
1.999
1.817
1.666
1.666
1.666
1.512
1.512
1.512
2.512
2.512
2.291
2.291
2.200
2.188
1.917
1.917
1.816
1.723
1.659
1.497
2.497
2.287
2.287
2.287
2.287
2.287
2.272
2.180
2.150
2.150
2.021
2.018
2.008
1.968
1.968
1.836
1.821
1.696
1.532
