22.427
26.413
23.353
21.826
22.921
25.834
21.666
25.969
24.873
25.989
22.864
23.352
21.090
24.866
24.154
24.750
24.488
22.782
24.278
22.720
23.278
23.559
22.214
22.553
22.041
24.894
21.632
25.564
22.287
22.710
26.244
25.514
21.924
20.780
23.268
41.551
24.952
23.568
32.411
24.660
24.421
25.694
22.696
26.612
27.035
29.276
23.046
22.302
26.082
27.769
22.670
24.812
22.280
20.675
23.438
23.126
28.027
20.949
26.686
24.877
24.290
21.522
24.300
23.493
24.709
24.540
26.057
22.368
24.360
21.914
22.792
26.810
23.220
23.336
25.683
21.211
24.156
29.309
21.077
26.351
23.473
24.315
22.411
25.520
23.119
24.092
21.548
26.966
20.760
26.864
33.558
23.427
20.922
27.381
22.101
27.051
23.535
41.143
22.094
25.549
25.118
25.678
23.797
22.818
23.503
21.614
24.900
24.613
22.687
22.395
23.860
25.323
23.507
23.452
25.513
21.522
21.939
26.289
